10000
4686 5487
4727 4027
569 2879
4477 5792
3114 6485
6193 161
1243 2741
6913 596
991 3952
1400 4869
9040 5999
3509 2692
3370 7310
7854 5758
6349 1441
8771 578
8892 8361
8017 4215
8522 9366
8476 9026
8586 2209
9925 6663
2531 9943
3894 1542
9313 4354
709 3250
2775 2130
7787 2981
426 8682
1169 2066
9748 6081
9380 5348
7950 8925
4239 2389
7132 5016
7422 541
2143 2210
7510 4873
8747 9003
1594 2253
1387 736
7254 5833
5894 6200
1948 6919
7256 3840
220 4647
4659 1800
5680 6258
774 2672
8280 8415
4197 9928
5288 7409
4508 1045
6035 2571
2688 1125
2754 7403
7807 6447
1703 4514
59 8672
7928 2363
8199 7881
3615 1082
3089 6126
8907 5216
417 266
3078 2861
9417 9687
296 8630
6773 2065
7181 8623
554 4331
8653 5376
7701 526
668 2646
9077 9376
8691 9456
4145 1129
1939 8260
4047 2622
4738 1565
1403 1314
8233 4264
5971 6138
7706 3928
3819 3088
5736 1619
9185 8500
4179 8502
9014 3230
6438 9314
5521 5038
8515 6508
7832 3503
1870 7819
7772 3108
2195 949
6291 4492
3660 1680
7099 360
557 4246
4004 5055
9529 1487
8986 8764
3390 8884
104 6338
1625 770
6721 2178
3916 11
6873 1715
2772 714
492 8644
5506 5119
854 1663
6860 7896
3738 2486
153 3746
1542 377
4457 3359
3598 1467
5299 6924
8264 6318
6755 4060
1430 8183
7804 5163
247 785
7440 7546
3962 625
1708 1199
3627 2177
8538 2777
3318 4735
2438 745
9940 9836
3722 57
1653 3826
1245 7369
5714 127
8379 5737
2277 8370
3323 4478
8420 7713
4650 241
2530 118
1187 3353
4060 8117
1490 8381
8703 8799
6836 3034
6802 6647
2317 872
9370 1339
8599 857
6387 5042
1695 9322
5015 4702
4795 4821
2928 6505
3190 3892
5535 4564
7454 6929
8625 9078
2920 4970
4782 1502
3530 4940
7569 6640
7349 4715
9571 3433
2733 5442
2217 4888
8760 1609
6919 1448
5211 3056
3250 8787
4711 6038
188 3237
7335 5068
5055 9732
8177 3323
1837 2418
1278 6079
2347 2158
9141 5277
3690 2182
47 1274
2665 8547
9525 722
8989 9350
9909 1224
3986 1075
3161 2355
9694 9652
4743 5255
9926 2698
8842 6602
9174 8034
7502 753
3442 7752
7857 7150
5650 94
4176 7149
8367 1071
3502 3623
6457 9917
5061 7129
3144 4589
6460 7482
6733 6355
4382 4105
7810 5805
2339 1927
3364 9710
1720 5809
7882 1684
986 4706
8362 2913
4401 7324
5603 9876
3334 3539
1477 3989
333 666
7972 6800
4309 7145
5986 2813
9439 850
99 7538
6330 2569
1462 8191
1111 1936
5893 1492
1937 2231
1197 7494
6748 9498
8999 7839
7764 5830
6032 7498
4706 3510
2007 3226
6355 1209
476 9469
6530 1660
5799 4544
7288 9083
1645 2237
112 5743
4830 6576
6712 9104
5865 7627
9183 7972
6781 5430
6363 5334
9946 5844
2685 6468
1447 3391
5097 3790
5410 9293
7975 43
2938 12
4308 359
8230 2612
2758 9418
6495 6870
6164 1858
2573 6341
3160 7792
3857 7263
8120 3041
1599 3492
2684 1705
6158 6091
5290 9271
603 1924
2444 4920
7447 4035
6019 7643
5350 9089
4429 9260
5798 6467
9570 4407
8165 313
1320 4786
9488 5971
7720 6779
3171 9287
3910 6825
6557 7746
8685 7540
3220 7805
7163 6574
389 8350
4866 6406
4421 4976
2584 8177
303 4101
7905 3966
5836 8485
893 7594
6433 363
6889 7079
7048 4708
6176 9581
776 9250
6206 2093
9580 5832
3433 4819
7221 2194
8360 4009
8970 7467
7172 8267
4952 8171
9211 5871
6997 8638
4668 6603
3428 84
3546 4244
2134 6291
924 2385
4580 4540
2600 6583
1525 5202
6187 737
3764 2160
4154 76
8098 6623
9868 1276
656 2515
9890 6650
5433 6278
5130 2792
916 8008
280 8231
6475 3480
3862 8666
4361 5431
6280 9918
3655 8454
2726 6390
6533 2714
8875 4001
4473 7085
6915 2531
3953 1601
9167 2283
3896 4985
8937 8323
5109 8649
1561 9144
5044 2521
8442 5082
3829 9020
2548 4621
5493 2295
1426 9272
514 915
7472 6204
1450 3793
4853 6448
9481 2228
8210 5919
2633 4771
9640 3079
3988 8235
9701 5926
4347 1300
3559 8113
9140 163
9593 6167
3569 8174
4695 4249
6323 5533
6359 4759
6478 3175
9105 7506
4159 99
5449 1508
8369 7336
3257 7280
715 1753
7257 8043
9807 4420
2965 9332
8909 8750
5920 7928
44 7253
4311 8920
4209 5308
3844 1496
8182 758
6719 8122
5213 993
1520 3071
9205 5965
9172 2337
9494 6585
8209 6948
4063 5337
1010 5851
5527 7472
272 655
5730 4838
1667 2566
607 4659
2215 2251
9955 3565
6354 7937
5985 4419
7753 8449
6014 7860
6178 8451
7327 9618
3416 1754
6670 1452
9631 2037
4380 5037
683 7620
6614 563
6057 4367
5062 4823
3410 5746
7796 5905
7320 3060
5421 6671
7586 242
8100 9603
6188 4474
5201 3030
3496 3756
1018 2224
8571 9171
8557 3888
3154 1990
1260 1853
4115 6555
5158 4835
7142 4653
7343 5721
9623 7531
645 7306
6375 8648
1071 6458
5740 8261
1004 9780
205 3721
4603 879
1582 7664
6758 8349
9384 177
6174 7359
5870 6459
2727 2371
7751 7200
3329 6694
1965 8366
696 3667
5833 2417
8602 18
509 9357
2813 3535
9862 4271
3924 2564
7388 5092
9894 7236
9939 7434
5519 514
1514 3148
4948 6865
3562 3117
7461 7548
7442 4588
8031 90
1950 7526
2679 4336
4740 2268
2101 3951
6258 5655
5045 8286
2344 1060
1123 1584
8041 1474
8959 9709
5361 4396
94 8078
3599 4718
3566 2934
8063 2340
8424 8181
9889 3607
117 4455
6473 1697
7309 9454
3672 9445
1997 938
302 1232
5987 1996
7504 6263
7636 6109
6076 3154
5480 5459
9466 3882
7722 8424
4195 6493
7264 3013
7423 3298
9512 6596
9290 1687
3663 4962
6221 6294
4397 8604
8554 4530
2312 9610
6647 4183
3017 4868
3255 5096
3224 3698
2121 6136
7095 6137
260 9483
8147 2446
3755 3859
8380 3459
772 1158
2657 5787
1041 9368
2288 1479
2315 4677
7346 7685
459 3950
7028 8603
2499 6201
3076 4573
5761 2440
6858 1805
5659 2706
7901 6896
7347 5607
9800 8156
3361 5292
6975 5696
6468 3543
1838 9890
9568 6025
6403 3271
8102 9592
7813 6988
2953 9666
3073 2780
9956 3980
3636 2898
2689 314
4435 6404
5486 1254
3624 9737
9790 5287
86 8205
8130 5323
9950 6658
5461 6638
2446 9970
6642 1281
5281 1058
3984 606
8328 3564
4636 9042
74 9327
1192 7071
4945 2631
824 5677
7913 3735
9917 2684
9936 1221
3912 8373
7330 7132
9976 4166
3695 7821
5301 2136
8897 987
8591 7822
4663 7486
3855 6139
4962 6561
7699 4960
275 7291
9594 7040
5947 4291
146 5402
7946 5309
2697 7002
9930 1114
8902 1273
3462 1594
5534 9588
6444 9027
1899 9072
2799 3999
9437 8519
713 3588
4972 9276
8317 8596
3213 8723
5194 4816
9492 1504
9943 4029
2941 1910
2138 8894
9855 3486
762 2883
3109 916
1367 446
1235 6655
4991 3692
9567 7996
6439 1682
9138 1025
9749 889
7509 8118
4681 4269
3178 4744
2478 9482
9217 8855
2243 8756
2197 3973
8674 6595
1763 7952
7643 1507
8390 5251
3009 19
7336 8413
9233 7621
7768 7436
6402 61
8567 845
8982 2778
9482 8110
9539 8897
4696 5854
2663 6261
9660 1894
7262 7012
2233 4448
1121 6643
288 1268
7781 7334
7891 6236
8887 991
840 7534
8525 1242
2609 7181
9764 6542
2308 9772
6849 7332
7113 8221
5131 8543
3095 8068
3175 5544
3048 5608
9842 6665
3707 4507
1524 9980
9276 4187
9060 6389
2117 7711
2 3221
8216 7598
5538 1729
9479 5506
6222 6117
3815 431
5474 2882
9408 4481
9207 4820
4974 2954
8801 3839
6170 3153
4624 9440
8714 5299
746 9280
4665 6273
4879 4263
6918 9393
1788 2102
4349 1825
8003 8061
3676 8344
8735 4742
454 856
9671 5012
4524 4055
1393 3796
1263 9377
5992 2545
5352 8696
4623 6832
4139 5084
5678 7565
1529 8928
7402 6528
1277 776
6426 5702
7682 3204
9695 216
4890 6247
6676 1052
242 5151
5773 212
3758 3964
8092 9676
3508 9792
7024 686
5083 3885
1006 7179
2399 3482
8603 8314
770 9626
9962 8905
1291 4502
5782 9828
329 6572
9817 7566
3640 323
9892 4763
3369 2785
5592 873
6843 3822
2058 8544
323 7462
1993 3584
6090 206
5511 6080
3652 1389
131 6888
1427 5171
9063 954
3181 1437
5080 7745
1143 4858
1496 8195
6901 5034
9299 8149
7588 6661
8824 5676
5530 1405
2052 8392
982 7198
1012 4613
1184 5606
2404 5907
6606 3091
9700 8970
6929 529
579 2436
1853 2702
4343 3526
1349 1802
3643 4046
8043 9778
8536 8023
6442 6484
7033 2388
6567 9724
755 3918
5368 4050
5397 6074
5223 5941
4664 4258
1618 9511
5760 1057
6813 4326
9440 7422
1867 4094
8856 2322
8751 4843
7957 8223
902 7067
1344 5272
9987 6309
2204 4841
5832 9037
9718 8964
4588 8227
2116 6024
5908 5535
4677 9413
5595 3732
5806 3374
2193 6843
8106 2776
1027 3768
6809 1188
804 1375
9970 8789
1617 6102
8076 3774
9908 5614
9761 267
6832 4953
4044 3421
4633 2632
5166 5534
8161 8965
8133 562
5491 3832
2594 2111
2892 6600
1627 2338
3543 5091
7311 9508
7019 6817
46 8216
2043 6589
4120 946
5071 1555
5829 5929
2304 7208
1319 9105
9420 3252
3780 3983
7644 6073
7941 9433
3593 2830
9145 3925
9264 7817
1876 4845
5589 98
3930 9972
3356 6506
9025 4785
805 9336
8672 595
9288 4840
6848 7942
1554 9248
3430 7680
9394 2573
8428 7178
64 5935
4704 2292
3677 3277
3931 3590
5995 4692
5240 3958
6540 3005
8656 6740
4409 7802
3129 9175
4362 520
9680 3730
5789 3829
6067 3307
3091 5413
2464 9497
6689 7312
4076 7440
818 1992
6110 5022
7394 3846
1702 1427
7004 3125
6651 8589
5423 8597
4926 5934
1205 243
9052 6544
8149 9751
3851 3263
3504 1692
1655 7072
1202 8996
133 5176
534 1335
9397 3963
7122 3176
4234 470
8981 6666
1279 5425
8321 4560
562 9997
8736 9919
3294 2009
1410 7082
5017 5726
8268 8287
8195 3206
8722 1304
5098 685
4256 1527
1494 1419
2124 6013
4785 875
5161 9622
1262 9139
482 7022
4358 1160
7410 587
9471 7571
101 6991
6306 4042
2674 3955
4213 5344
8594 1269
2411 9678
6217 6819
4000 3942
6709 8614
1356 1407
5755 4169
2276 6014
9057 649
4132 5648
5181 6775
1967 4220
578 9007
8585 749
6966 2815
2286 7056
652 6502
4082 5581
7403 5527
6181 5761
1998 2584
829 2983
9857 9784
9876 3302
2114 7833
2373 1165
8186 8850
6060 5297
1135 6316
8347 6748
2606 6846
7879 8719
7166 6710
3215 1239
1375 7511
2695 6051
5036 4585
6743 7180
1930 834
5864 4927
754 509
1579 6288
1904 8070
545 5076
1101 374
1691 5505
5050 1143
505 1172
4228 4108
2885 2360
2967 8065
3914 7770
3811 288
5955 1371
5981 9196
3662 4442
1046 5350
5441 102
2226 7355
2905 5142
8838 9755
3310 5937
4768 5460
7642 6793
6185 9299
4006 379
7051 211
4314 2142
9991 3475
2103 155
1630 9758
6516 1439
3828 1796
788 1659
6527 9504
3040 1345
8085 9832
1660 4250
4876 7764
3759 6481
2720 1004
5747 6198
2747 6848
3590 2310
777 2468
5811 7877
9395 6905
4297 5332
2039 2339
1190 1877
3928 6670
3484 4590
1415 7042
9285 8854
6278 5521
2507 7308
301 3853
1714 2749
4569 1147
9735 2947
2645 8402
8773 432
385 815
4151 9703
8478 9888
6059 2153
69 5568
6979 6018
7920 5659
4965 5367
6954 7832
2778 5141
7918 6162
2365 2264
6535 8137
5311 9473
3683 120
5918 1410
1491 7880
1014 5262
7885 1836
364 1636
6622 5595
206 7755
987 5035
9230 8283
3858 5457
5087 6719
8291 3662
8576 5772
5913 3404
7881 7815
2542 6334
8372 619
236 8861
3528 2958
2751 109
4786 2203
4896 7505
1095 7740
5965 1987
8310 4844
799 9554
5573 4714
6936 430
85 9983
6048 3048
7395 398
7287 6354
6968 5480
9270 8736
5469 6238
5175 224
9197 9184
7452 2287
228 2926
1439 5070
949 7389
3436 8193
6962 6787
7229 450
9736 6913
3863 4620
3580 2324
9720 8728
3979 3671
410 2075
5727 4754
9685 400
6844 7461
731 7135
5689 7407
7230 5898
2583 4762
1151 8196
1227 3880
7820 7115
2942 9830
116 4184
267 2855
4826 4509
5210 4672
6009 14
5502 7750
6510 5384
6723 9502
4599 2833
7679 4994
3088 2146
6680 1118
9924 4149
5200 4091
2708 5536
5636 3797
4317 5877
6418 1997
6469 4854
6520 2278
1408 8744
3249 8900
7371 517
2647 7189
9872 7813
3943 7956
6376 319
2214 2514
3740 7535
4331 3548
9194 4112
1747 663
4937 2000
1914 2956
461 9644
8868 5899
4250 9789
6124 2658
8681 9761
8756 389
9130 3835
5078 5451
2652 9599
2731 272
565 7589
2450 6305
8520 5266
1800 4199
3739 7337
5052 6735
5293 6796
3315 5003
7073 1398
5399 3306
179 6156
8237 5620
9304 1378
6876 4102
4762 6234
4941 4452
3145 7201
1049 9811
9282 5085
3268 842
5437 2056
7434 6460
360 1554
1920 3852
1191 913
6005 5735
2807 9111
1069 8443
4003 4914
9350 5015
8595 9925
9278 1624
2460 4306
4273 7675
9294 6997
7063 8885
7102 6331
971 158
2355 8934
123 4934
23 6695
4626 3406
9229 5630
5076 5157
3306 7077
8339 7712
2921 1159
1499 4359
7968 3240
9980 4033
5574 8613
5099 4076
7520 3715
2936 4992
2316 6556
9644 7431
7840 4794
5282 7269
1265 3484
839 3312
4820 3299
3351 5360
7462 893
9248 5395
6012 1569
2821 4366
1674 789
9641 9617
9340 5804
8119 1514
7205 4749
6104 5885
7711 1363
6309 9680
3788 4180
2062 2996
9676 6112
7794 1445
5807 2653
9491 5493
6660 207
7433 218
7060 6317
6269 5502
6903 6062
4011 5846
8659 8935
9602 5275
3362 6691
8266 2496
5977 9019
3798 4610
2289 3509
4178 2782
8984 9310
9969 9457
1963 5957
4915 2467
8278 5019
3007 3405
9913 2724
4958 5225
1211 9656
7670 7488
4468 7624
5652 7344
4984 9628
2085 2713
5708 7030
3385 7729
9240 4548
8781 9639
4014 3216
4593 1213
7856 5996
7760 1225
5823 3012
4682 3562
1218 8284
9280 1480
52 4268
946 74
1957 926
2544 107
8087 2317
7999 2648
4405 8811
3603 1049
988 2362
8734 4387
9820 4338
9255 6744
2508 2770
864 8508
1681 9503
6179 4197
7069 1791
3281 5632
7412 253
6242 1544
4745 3836
1308 9223
5323 6539
6186 1085
875 5611
2237 1154
2873 8959
635 8015
6165 4225
3873 3014
4022 8258
5813 2221
8159 8851
8080 7451
5979 7521
9086 539
1600 116
9065 8806
5644 480
4235 3965
8022 6422
5051 8224
3222 3536
355 5532
2169 5911
1512 6629
3394 9861
2443 6994
3183 7632
1149 2932
980 3047
5057 3970
7549 4103
6864 2380
9785 5600
3545 1760
5962 4603
1648 5680
346 890
4676 3858
7003 6877
3090 7385
1765 2294
9654 2319
7026 7139
7998 9063
876 3137
3445 4612
8540 4078
7831 7970
9766 8688
1253 8650
3325 5962
5856 1329
6419 3842
8541 3366
2769 1056
6569 3458
8689 1248
748 9006
5236 9325
4949 8404
3367 3660
1706 8468
2768 6183
5427 9044
1150 882
4095 7628
3133 7127
1999 1015
8359 7345
5887 8347
7027 3469
790 7658
1784 8857
7759 65
218 3214
3280 5571
3805 6588
5684 2509
1886 7840
3659 1203
8044 4734
1064 5518
2068 8391
3552 9834
9777 2848
1845 1625
4192 934
8078 3734
5183 6086
3330 4499
108 6414
2907 7411
559 1084
4075 202
1598 1879
4534 3416
7104 3761
1093 885
2568 5229
4027 3384
6605 13
682 2593
5938 1741
8896 1333
9433 9739
2184 3498
8058 5807
8402 8395
8423 4059
8013 4698
4541 1344
7731 1436
7961 3284
9682 7944
2004 4080
4987 2943
8494 1573
6831 1211
4596 5987
2333 5921
6807 6733
2690 5364
9775 7009
3050 1977
9030 2610
2013 1963
2158 8155
8805 1500
3860 6180
8733 8274
4642 2043
278 6923
693 7160
9898 9657
451 8436
2660 6301
7886 6402
4312 2659
9474 9805
9557 4063
4964 7772
9271 5468
4918 4688
1992 4996
2802 7748
7871 2940
6990 6286
4096 9110
2481 9845
4368 6736
3616 1871
5086 6235
2104 8869
3225 6560
2157 3802
171 699
2319 2171
3554 5467
644 9852
2866 5201
4807 4922
1304 353
6132 7202
8050 1414
9723 3454
5671 7064
8446 3890
857 257
392 7691
248 2599
6276 929
3956 6798
1413 9568
4527 3576
6052 6816
3138 7020
5588 1464
3481 1559
507 914
4280 1258
7034 1426
4156 981
479 2089
374 9098
8956 5264
2055 6824
6970 5981
992 6642
8867 5653
1217 3402
5226 9180
3926 3661
7852 3349
4094 8606
6329 2110
8108 8132
2212 4361
8475 4406
5796 7603
9853 5516
5968 4170
1538 7987
8002 343
7782 73
8127 81
660 7481
3921 7
6940 6941
1177 9877
5297 5100
1005 1898
1875 5901
4434 3085
6703 6592
5567 9873
309 6443
3252 3775
7895 6783
4691 6912
3906 2979
7302 2708
3266 8152
7944 5661
6371 2803
287 259
4716 7038
1154 3695
4655 6609
439 9802
7126 8937
8513 5878
7399 7700
8101 3109
7543 4683
9996 4804
9704 2866
9536 1470
391 6111
5745 8962
8539 694
4863 3198
6824 2238
8235 1194
5565 9218
1117 416
7039 4903
8608 896
4107 7112
8366 5560
2505 3321
9810 7989
4971 9162
729 9624
4255 7026
7921 4812
4056 4356
9467 8242
3923 8890
2231 8661
6039 5917
8016 6519
255 4584
7969 1425
2206 4730
3421 8412
6553 1778
1658 9432
2150 3164
596 336
8775 9614
7054 4212
867 7844
2126 1008
6673 1952
7329 8353
4707 3185
3036 4684
5340 7570
1782 8253
6131 8992
5604 766
4373 4780
888 4413
2668 106
4199 969
8980 2199
6183 1782
9993 6715
9988 3755
4260 8048
6827 9398
2760 1142
4437 3874
7777 3896
7350 8772
9087 1497
8766 1370
4489 2113
4608 1540
9366 9532
3578 355
7176 8442
1436 735
6113 3540
3307 4489
1700 454
8299 8190
9180 544
4287 3587
4619 1781
96 5112
7308 6228
5607 5194
4809 1178
9100 498
7845 1377
5043 5310
6985 55
2421 5567
3377 3681
6945 6433
3874 5731
1775 4142
453 6456
1183 8538
5363 1127
243 6220
6208 4800
102 1539
9235 2403
9804 7347
5118 5678
8934 6357
9152 5515
929 7076
4411 7058
5317 6030
9729 4440
4299 4185
7561 5289
9698 4624
8124 8301
6566 3680
813 9045
4670 9058
380 6586
5848 3450
3864 9379
2592 4913
2919 8793
7873 9992
227 8463
9246 8795
2850 4716
9219 1742
8433 5546
1964 1324
6244 5166
4733 2393
4802 3811
519 5321
5202 2198
8425 9348
6013 2763
8286 7339
1697 6764
7322 1756
692 2735
460 2870
7803 5669
6454 5803
1973 2588
4865 7268
1330 5214
1799 1150
6074 1840
9307 9835
605 2998
3472 6879
5943 6306
9055 3927
508 3073
3068 2924
7260 337
310 8941
1808 6463
489 7716
1926 1780
5305 1289
935 6999
3311 8751
1696 1855
7947 6933
2616 4292
7158 8330
356 6145
9789 7782
115 8111
7375 8201
6871 4362
6253 1988
863 5778
6964 4089
5759 2991
4074 3328
3730 9207
4167 9723
1268 9347
6688 1941
3069 7766
4614 6685
3947 2968
522 8512
5900 6863
7217 2656
701 1618
1675 8778
497 4148
9472 484
7971 9049
4893 1839
2869 1039
663 1266
7833 7780
9005 6093
4611 6059
4638 5144
739 6118
6957 3314
8826 944
7242 3677
9347 8154
4530 4915
858 2051
759 9521
6805 5838
3998 2955
2909 7973
632 4317
3507 3163
6950 2215
3983 2840
9692 5282
1085 4921
6410 6363
3989 7234
2828 166
6211 4282
1874 7668
7494 4704
4392 5403
1824 1888
6992 292
760 2732
2310 616
8797 7274
3777 7255
9173 6674
2280 3653
7107 5072
2917 1413
7592 540
647 9062
9601 2044
8019 8378
8422 825
1404 1317
7266 2052
6877 9382
4352 9380
359 7715
6328 8840
5716 3993
1959 5542
5640 8084
3681 7050
8408 7490
1362 2432
4487 8492
7237 1817
1893 1899
6739 1803
7517 2572
6027 4415
103 7868
7657 8732
9478 9757
4086 2313
2492 7640
3856 7835
373 4661
1310 9165
6656 2689
5472 1517
5975 80
6762 5888
1962 2762
536 658
9509 7693
2168 4072
588 7849
4231 5472
9658 4815
2970 9442
5032 8148
2175 2957
1869 4138
7012 741
6819 1907
1835 4627
9398 868
1231 5237
3823 3949
6638 8337
1724 8776
2432 7831
3480 3201
4366 8226
4597 7990
3901 3322
951 5780
9225 9820
5128 2540
169 2989
2706 8499
6835 2925
119 9791
7573 4925
2445 5363
6837 8825
9538 1549
8135 5969
2465 7173
2678 7376
6308 3544
5123 6312
7949 6178
4080 6249
8639 326
8979 8636
5364 4347
3360 6701
2417 7697
9560 3107
9819 984
6108 122
2267 3326
8915 1010
812 9448
6001 985
8488 6163
7036 8462
643 2469
7828 5377
3328 3902
5203 9311
6427 7391
6772 9984
3027 4512
1050 9189
2035 5593
3102 524
7124 2245
1527 8785
4844 3373
5257 2409
423 9934
7296 8002
5383 5417
2648 7893
5171 707
2761 4874
9949 9001
5645 2126
2724 3272
3077 1850
4744 3810
2522 3828
7574 5206
2436 7759
6264 9552
6782 960
2069 5771
2861 2743
6662 4007
4693 5437
9563 8052
8162 2669
7438 7642
2131 763
8245 7445
304 6808
433 8711
9768 8737
7171 8459
2149 8866
3938 3702
1933 6959
1248 7148
1048 3878
910 2984
5189 4737
6470 5860
2577 8423
4652 5887
9979 1175
5924 6970
1683 7222
3427 4016
9793 9886
5103 2930
5583 1783
9106 1771
2859 215
170 9942
5784 6076
7788 3023
968 4977
6502 332
8898 2248
4558 8241
9561 172
1884 1030
5255 905
7151 4322
6289 5765
7910 9355
8272 7287
848 3906
5074 8640
4735 9265
5030 8865
8518 339
5591 507
370 982
4610 4128
1791 7623
9345 6644
6310 4435
7358 704
9678 8107
8615 9054
582 7083
6829 7610
4788 7953
8443 5717
6828 1558
7080 3959
1289 1182
7417 4350
4975 6811
4583 1092
4265 9896
7627 5143
8448 8990
6114 7217
7849 5547
8780 4663
4950 219
5070 7804
9801 4519
1795 2280
1984 8752
2037 7296
8692 2342
7989 1246
9239 4637
7471 2063
8562 4315
4814 6688
7134 6952
6588 3617
9501 5701
7046 8382
7451 6026
1341 7087
4262 8870
8532 7731
2132 3495
7228 3156
6710 9891
3112 7730
4440 2781
3709 2668
8682 1184
752 5821
794 1669
4990 9542
9622 5837
2867 9450
9905 4245
2118 1236
9921 6812
7484 3946
6633 8466
203 9155
3654 9253
4598 723
335 3210
7360 7172
2951 9905
9262 6083
3775 356
1811 2857
250 3699
3803 4327
8742 8279
3670 8247
3791 5979
5193 5398
8179 9157
3907 7962
6184 1341
9544 6181
8196 174
5263 395
6353 1298
4050 599
7239 5671
5146 1483
4565 1285
2205 9572
792 8773
5093 9239
263 1820
8396 5109
5429 1120
1166 8535
5817 3318
6138 6194
3715 7395
8122 3473
7156 1081
8473 3348
5843 160
7767 2406
412 3288
723 2470
6617 3962
8075 3947
6548 6147
1303 409
2698 3301
6096 9212
5385 6578
1760 5923
7020 5960
9765 6890
1146 2687
9034 1116
9360 2353
679 7660
54 8765
2012 21
9959 1087
8765 7960
2824 4834
9357 9091
9201 9181
4927 8961
1678 6418
33 2773
8610 2366
6515 1629
4247 7580
491 9708
5408 6795
5812 7004
3973 7971
7661 1852
6556 2717
3538 5605
9029 2586
1327 2971
5094 7055
2569 6554
1091 9210
9579 792
8294 4163
2889 1980
418 4569
185 5892
2265 3477
1152 5856
8531 8545
5575 7249
6038 134
5518 8522
6254 6165
9391 3737
77 7824
8582 3335
7965 7452
7839 6297
4143 8587
3840 4096
6016 3077
5926 5915
9891 9567
434 2723
665 6571
638 6449
9506 2058
5033 3177
5476 1458
4252 1696
3142 2522
2428 3921
6064 4121
1607 3686
6948 5252
4301 9187
5167 7353
6477 3377
7263 6648
8721 7346
1448 6441
9306 4957
2153 8059
6255 6922
2378 9486
4360 1916
9303 4211
1112 233
7570 2534
7404 8572
6577 7374
6405 366
8142 1063
6366 6475
8082 788
9336 286
5738 8634
4584 874
7756 1814
8298 291
7240 9123
8344 2252
3202 9034
3317 8489
3014 5551
9975 5932
3320 9304
8641 1218
8358 1024
5124 9990
3435 9872
9365 222
3434 5424
686 9360
7923 361
8795 1007
3801 5271
9136 1069
8798 6379
3876 9416
4860 5313
7837 9428
3705 232
8635 5742
4188 2170
5877 7825
1033 2410
3668 6705
8184 9256
2528 9586
9312 8384
9499 2946
6424 4237
9600 4403
2841 168
7277 5912
2251 246
6639 512
9484 2506
6220 2884
8139 9079
9344 703
7040 2604
195 5556
2737 9161
7812 6333
2503 4352
9527 3207
549 3887
3968 7981
1396 2288
8745 8707
6608 6869
4396 4563
150 9386
210 300
1578 4882
6627 4278
3792 1685
3045 9608
4654 16
6621 8674
3120 3457
1861 777
9897 8891
3992 8037
1104 7333
7816 2937
8277 7532
3830 4557
9521 1139
2840 1630
8701 1264
20 3759
1504 7520
9311 189
5372 1033
7685 4137
7703 8327
5360 2810
8051 4549
5220 6594
3743 3635
1159 7421
6347 2760
5756 7108
7814 3985
6694 9170
5526 2274
7194 4411
7713 3442
608 8946
1147 2416
3431 2001
295 2105
3911 5160
3182 6599
4832 5025
912 3325
8274 5988
707 7141
3264 214
472 1255
7047 6503
5632 5345
1136 9342
9782 2759
5371 9113
2581 6016
3444 8497
264 2127
7083 7047
157 6001
1409 4395
5459 9288
9719 36
3886 4883
2359 7412
1854 287
4109 3190
4942 193
9000 9461
189 5195
7822 1728
4369 5508
4455 5651
7212 983
3136 9620
8193 7011
1615 6547
7710 6760
5554 1701
4227 3105
7290 9154
7105 7921
2957 5399
2842 3184
4182 3218
5805 3944
3618 341
9160 6419
1301 5013
5948 8250
1098 7543
9978 5500
4290 5203
7168 4991
2876 2054
7489 5712
1897 8731
6472 1948
1533 1181
5185 1140
2878 5889
1888 9912
5238 2378
4828 9149
8033 3368
6562 8275
6326 3763
5989 6497
6331 2640
9577 9611
9635 4566
2453 149
2430 672
2072 3308
4959 832
3807 5002
6905 795
6675 3765
3096 9590
4416 6490
4968 3642
3312 1561
4450 3683
1028 4392
5358 9242
5911 3287
1733 1604
5830 4030
3778 6882
5179 490
914 433
6506 455
2950 829
8553 9985
8865 7292
8118 474
8115 2548
913 2084
2003 8166
1395 3090
9045 8600
4767 4881
7970 1830
2641 1672
1637 1485
4164 2118
5148 1966
6421 1055
8095 4221
1810 3026
1823 7631
9663 5955
7436 2880
5536 9148
2871 2399
3388 7034
6543 2727
5710 6513
7216 3247
2887 9688
6021 8474
7177 3410
3519 799
1247 7549
3638 5375
8739 7572
21 2398
3745 2413
1624 4429
3459 1332
2228 8955
315 8318
2159 7867
406 772
3035 1999
1857 342
3278 4195
61 591
9256 1831
4430 7396
5753 8609
3037 6049
3587 6428
1606 7175
7009 5108
2224 5178
4093 5757
3748 397
6771 2530
8654 8437
2364 181
1373 5654
4501 6148
2259 7652
3157 3394
8859 2472
5679 2715
7747 9121
6978 9560
8345 5322
2386 552
4540 1902
856 9446
5066 8306
6461 1455
1522 4084
5874 9142
1817 2152
9238 8021
9727 3508
4880 9559
1106 3512
1038 4012
6416 4670
6874 4190
6976 6590
3300 3912
8965 5137
889 3800
7391 295
9249 5896
6668 265
5014 7068
9267 7894
2745 330
9669 8421
5674 1623
3752 9719
8789 2661
6942 2536
7741 8484
5549 5115
9840 1693
3479 9460
8168 5470
3785 1336
7332 3202
3510 8396
8427 3566
4873 2644
4116 1859
8813 2812
823 6950
9595 2233
5304 8952
478 9831
1635 8550
1647 235
7649 2193
152 4798
4721 9584
4612 970
1020 1379
1519 6550
5454 8335
2626 1690
1394 2965
7651 1967
3011 4384
4113 4259
9403 495
5524 9814
5330 4551
3712 9815
2239 3997
6943 1919
6630 6797
3293 7415
6872 7845
806 4587
1034 1121
71 4860
7744 8921
6571 6769
873 3602
6207 4895
2756 4581
441 1072
7733 7496
4261 1641
1363 3974
7544 3128
9416 8846
4953 579
1932 8277
9918 727
9744 1991
745 441
9511 7647
530 5827
7732 5615
2554 1886
9144 7171
5038 6718
4687 1981
1252 2636
2770 5335
9169 350
571 1651
5772 7677
2974 4931
5162 3231
446 1109
4713 614
8498 5168
4441 261
3049 9945
3212 6874
15 3819
1830 7246
7955 8730
7987 9282
9551 3350
6706 1755
8035 8841
2740 5218
4461 5478
9259 4766
2136 2333
1017 1157
9884 2120
2838 7679
4106 9612
5284 5464
1541 3604
8926 119
4988 1897
5515 1227
3511 5031
5111 2325
8774 8265
2519 1761
9919 9096
8726 6347
1507 716
6344 1763
8741 386
4967 9753
3275 9292
1953 2039
1769 7920
7369 4679
3127 9423
9725 505
5117 2507
5471 8073
7482 972
1009 46
3117 9762
8097 7437
8839 7654
5381 333
7705 5241
8203 5489
3765 2745
756 9067
2354 3468
5174 6876
3483 2077
1701 190
4447 4447
5079 8836
7579 1895
4002 8369
1516 7558
2948 812
4326 8735
2392 6895
3539 2475
6279 7027
8508 83
6916 4360
1746 4314
5779 8986
7021 5300
3041 2348
5757 9692
3452 6142
9599 5800
65 2539
1212 3097
2567 3986
106 2243
3882 6177
3332 7123
6121 1296
5326 2915
2086 7019
7862 6854
9645 3224
3753 820
7227 1613
7979 3824
4539 525
5898 6107
7612 5610
5936 8978
6953 5525
7617 4304
4495 7075
4136 5167
573 1770
9399 6964
9910 558
6332 7444
8326 501
5470 4228
712 4616
7182 5378
4274 9515
7800 9640
2001 3297
7608 2439
1896 9547
5510 818
6931 415
8607 8531
9428 2420
1096 7587
7137 7556
5672 2169
1816 9385
2538 1098
5233 4758
1692 3511
4161 7393
8559 7338
3054 4464
2671 6582
3336 1320
6536 3261
84 6836
4930 6226
5190 5419
7157 9317
624 8973
2937 4399
855 7794
8214 9061
9274 4173
8236 1908
7922 6881
8564 3739
3972 3116
7283 1449
6112 5724
5897 2904
6101 7795
7758 6244
7872 7432
5464 2433
5019 8889
8410 9388
2261 7522
681 2647
3365 957
4469 6007
7067 6677
5169 8313
8067 5318
2176 673
7769 5633
5289 8496
5859 3371
8969 6809
1051 1047
4278 7797
1497 5523
8840 7666
6856 6664
9545 8895
8244 2783
5696 3820
7774 1216
2988 6894
3933 9266
7043 1446
5928 5650
5691 5894
785 4870
6440 4223
4486 7323
9977 1570
7152 6646
6998 586
7352 3039
8029 764
1540 4345
8504 7791
5312 186
9074 9916
7808 1050
415 9188
2079 4380
1384 4580
8364 2311
4877 8486
6379 9200
5082 8427
3723 6206
2945 7094
1444 268
6572 2690
494 4358
6339 7126
5570 6453
8295 9962
7656 3285
2429 744
6265 3381
7724 5093
7253 5238
4714 7113
3790 6393
4010 456
7532 8028
7183 8939
8886 3101
4493 4032
7865 1287
5937 7023
8096 7895
1161 8762
4998 3634
7192 9316
7740 8950
3060 4747
1523 6749
8160 1772
9079 816
740 8429
3888 7714
4509 4875
9847 817
1156 6075
9814 2254
8465 8087
865 2457
2156 6
4870 6551
4426 4550
3985 162
2199 4923
4383 5810
1605 7035
6984 3655
4739 7999
377 2929
3666 3709
2340 9268
2419 6371
3192 4219
6598 354
8181 3044
8187 5989
9111 7754
2395 3205
3155 2953
4381 1429
5700 9636
3898 93
215 5101
7572 2191
437 1906
8763 5666
8141 6378
7111 9240
9351 3213
7397 7984
4208 5045
6890 5380
3499 635
8893 5951
9592 7305
2642 4400
92 3143
48 5392
8978 1951
9759 3407
9582 9363
2471 4256
6111 8027
5704 4793
477 1547
4729 6901
2972 5452
6493 8592
348 7342
2640 6242
6436 903
2409 3875
2270 9263
5609 5591
1339 5628
5177 6911
699 6891
4702 4719
5069 2835
4048 3006
9099 2807
4871 3448
9218 3751
6796 2149
2959 4578
1929 894
266 482
9674 5138
6224 8624
2218 9863
5245 6514
2686 7569
9586 6851
1698 2618
5481 1093
1467 2699
7041 4753
5547 9974
6385 4495
9612 3748
1943 8200
9446 421
2739 5799
7793 6171
4519 8717
1592 7823
6488 8359
1124 5221
5250 869
3141 6122
8273 9191
9523 8142
9186 5312
3094 3923
4722 5426
7493 1319
8684 4497
8224 2284
8228 8498
3449 8878
9923 5165
1840 9512
7557 9052
6825 1136
9088 3741
9135 9300
7312 1829
2536 1034
34 8136
1771 7351
800 375
5133 5687
9616 8525
5952 3866
3384 9664
3795 4159
1185 1519
2915 6724
2779 2990
9882 3046
7419 2997
5722 3911
8621 9651
498 381
7585 1146
4581 2429
7086 9817
1548 6758
2366 4372
6593 7983
3335 2629
5512 7510
9895 4765
9823 2415
9757 7884
3942 4013
165 6384
3140 5520
6054 6931
8288 138
8436 9117
6409 9637
2566 8209
8679 661
2433 8822
6545 6729
5861 8321
2613 407
1397 2493
4054 8927
1357 9655
7616 1723
5956 2282
2826 414
4307 9865
9659 5319
657 2858
7534 192
3835 2
2300 6979
9589 8602
9023 8041
2930 3552
9113 1889
7479 2868
3379 2641
1230 6828
1079 8621
7049 6343
3879 4775
6830 7501
6266 3914
9067 2761
7846 4510
2048 3505
3392 7261
5634 7830
5516 2167
143 7140
8799 2619
1284 2437
3153 5369
5850 4248
3244 6415
4916 5253
6071 3003
9944 4907
3013 3879
5815 1280
7981 3550
7153 9866
6851 8954
736 3379
5227 8926
661 9704
8831 5051
5750 6451
3373 5814
9696 1097
3342 5211
7316 8734
5180 3446
2980 4003
2291 2173
3395 3040
1061 1043
196 7330
8239 7465
2646 9690
6628 5557
743 8058
3074 9183
744 6405
9838 3200
9866 2642
6245 4668
1987 1764
3647 9328
4525 8016
3291 6838
3902 5269
5374 7317
7314 5233
1454 8289
6798 9643
1148 2800
7439 6737
6667 9901
358 9816
6893 3330
8131 6741
6604 4681
7898 9700
6603 5116
5670 8257
3806 4636
6246 9736
9116 5230
78 8490
5229 9718
5455 5050
7501 3049
1766 2765
213 1548
1423 5330
7907 6196
4387 1869
1459 9771
7587 2660
5039 4543
6631 1574
3868 7300
6554 3387
8880 1145
5265 5864
8573 1099
8804 8542
9300 6925
1834 2383
8876 9464
5847 3630
5873 7669
7285 4522
1170 6370
9821 9069
3148 305
3309 6134
6695 1870
3892 247
640 6088
2742 7500
1193 5053
7147 2061
9754 7331
490 989
3773 392
3237 9092
1995 391
6190 3423
6681 4427
6471 8658
722 5259
3401 6656
3550 3762
219 6060
4774 4214
5764 3171
5630 7413
501 8076
1110 761
7380 8202
5068 6714
552 8838
3211 4196
3950 9118
258 657
7495 1719
3299 8526
927 1000
8497 8886
3684 4521
6479 8896
2559 9085
626 3283
6595 82
4887 426
3326 8686
7372 3813
2991 3675
2790 2645
1792 2092
6559 6840
1609 5599
3608 2460
291 5479
7973 3575
2337 8309
8695 8887
6886 6975
9097 8127
6238 3182
8961 7504
3560 6858
2297 4334
7178 6965
5774 3783
4475 2779
3372 8269
6030 5586
4357 6255
560 4161
5785 9384
2056 2874
6247 321
9524 4444
2839 5260
2780 3626
3439 8011
2456 4988
622 4343
8409 1318
3046 7470
164 9904
1035 3569
4550 9066
7185 280
5706 9787
3779 236
3347 6916
2348 7137
3015 7988
1873 2003
3579 8837
7658 4265
6381 2007
5787 4260
1392 4274
6822 8445
6749 9290
1952 7061
5931 3131
6041 423
5723 1331
6395 550
5929 8839
8718 8746
6490 3376
5295 1316
4088 6046
2418 3487
9387 6626
2529 5494
2242 3931
4102 8724
9475 7143
3062 9323
1416 1343
1919 9378
5737 7702
8905 5188
1898 3769
2682 2239
6232 4639
6790 9153
1057 2608
2420 4938
2389 2036
5545 2977
6788 1404
9035 6856
2590 5818
4237 3018
3316 6563
7618 2570
8020 316
381 5673
1639 2547
9438 5722
6020 2345
4737 2823
3135 5121
3965 7918
2894 9192
4503 5024
3975 8505
9811 1640
9815 8570
4559 6187
3522 5077
2969 8671
6037 555
3033 4517
5576 7001
3282 7499
3443 828
50 5751
7382 6709
5390 6982
7564 6017
5388 5145
2614 3827
2933 9598
7818 9147
6521 4887
425 1027
2630 8704
5354 9449
4470 8331
9349 6680
3810 2512
4223 7209
564 3292
8430 947
413 3744
4963 7961
3661 5126
5707 9913
9161 8842
8071 8975
7761 25
3614 6526
163 2614
1971 7448
1707 24
9808 2190
674 5386
336 6660
2664 6525
9243 8478
7386 1501
3327 7070
344 8943
5718 9939
6965 4178
3005 1861
7551 1866
8512 3971
3686 4974
5380 9270
7779 6700
3630 1978
1215 9369
7953 9488
5960 8554
730 7267
6127 6917
7983 3534
3936 6774
4230 1064
5168 6267
2211 5250
878 8252
2514 6130
2285 9996
2918 9259
3248 8972
5125 8401
4847 1642
0 8655
3577 9082
6879 9993
8945 6210
4838 8259
4784 693
5489 8761
5828 6455
156 2329
3081 3867
4183 7875
93 7582
998 1249
1925 4
3558 3082
4643 5409
7428 9870
672 4986
6195 1860
7483 6920
9465 2771
7405 942
1322 1134
5966 7644
938 2550
8794 7661
7195 5875
1725 5004
2884 9899
7963 6376
6212 898
3641 7365
1917 6164
2628 8085
7730 5882
9535 2255
4701 230
6268 6597
7445 4257
9498 7864
836 9505
811 8237
305 4905
7513 7836
3691 2795
5246 695
147 5585
6321 6082
1067 5415
1900 1362
5808 4418
8569 1768
4207 9781
9541 1067
8260 6039
207 3722
372 5189
2797 8333
4536 9964
2302 8815
718 1166
9668 9553
870 7184
6081 7316
2881 4332
5942 7418
7379 2585
7702 6283
2521 3139
9273 1734
2133 3711
9078 3479
9517 1712
8243 4177
7271 3233
9168 4604
7825 6821
741 7720
3841 6146
4723 9921
4187 5370
3602 4806
5819 420
778 9444
5542 78
3429 6492
1796 5232
4291 3278
5256 8803
8055 7689
4748 867
6583 6637
8059 6689
5957 7164
9049 8821
1730 9391
4181 6524
834 1061
4078 9884
8324 2207
8787 6611
3782 2246
3781 6161
7716 6625
3822 2737
3350 7547
4908 196
6422 523
5694 7699
9400 5359
9187 7086
2818 2501
6467 3816
1486 4669
3696 5943
9445 8374
6441 2606
2759 8305
7908 2520
113 7098
590 4043
1877 422
1981 8047
6938 564
3092 961
8072 8539
8412 5576
5010 2856
2360 1424
2637 8816
2274 2850
443 6064
6089 6577
9911 2819
885 437
3034 2860
9245 9730
5626 1432
6412 1931
3021 2843
5217 6096
6995 6548
7507 9273
4162 7228
4413 473
4522 3933
5113 7557
8724 3334
5980 3841
9184 8026
9362 2359
1456 4998
1036 8121
9407 4311
2469 8620
3466 6454
6869 2303
9470 6213
566 104
1188 4740
8242 6614
8663 7980
8643 2463
9321 7379
1777 4699
843 1384
3162 1767
2458 3736
4353 6573
3113 6208
6079 8646
779 2331
3196 3609
7362 3863
475 9468
238 7120
6180 2867
5820 5456
5009 9035
8507 8204
9228 940
3195 547
8770 344
2105 4132
8492 2917
8530 9613
9028 4975
8137 7765
716 2053
8711 3545
9473 620
261 5635
1037 2742
7754 6903
9033 7286
8779 4945
3999 4175
7863 8619
3784 3979
9972 4234
3961 1599
8953 4891
3209 9257
9015 8397
2714 5307
959 3413
2804 1653
814 7438
2987 9569
8852 3629
8709 3196
7912 4351
6034 4213
2855 3036
7684 2466
6854 5170
1369 5700
3737 7741
9379 1957
3184 1234
5505 5033
5655 8763
8157 3520
4354 2395
4575 9403
1424 3281
2925 8433
6166 7212
3531 9804
26 2116
1806 6802
8001 1123
316 2729
72 2664
9260 4335
6087 8892
8995 7560
6295 4114
7906 5473
6209 6413
7889 3439
1129 9129
510 8225
8930 4087
4653 3641
1421 8759
4191 3346
950 536
2622 8651
8542 6616
1 6375
3456 6763
1670 5657
183 4972
2326 7063
5343 9193
9330 4830
7560 9892
468 2138
6374 5105
4238 3241
3964 9286
9628 5945
751 1590
2767 1179
4126 8805
6230 8212
1636 8170
408 3791
7381 5836
5378 6899
8535 4745
4448 1261
4544 6579
7631 2906
8807 5471
6765 2285
4460 6094
5075 4157
6699 7497
6177 8629
98 651
1559 7855
2680 9593
8704 1149
9139 6056
9763 3929
4537 1461
2551 37
3809 2002
4390 3152
2401 698
1047 4200
923 3948
4906 6240
9767 4987
7602 48
6912 9705
5608 6366
4166 1867
1282 2038
8138 3255
687 123
891 4049
9578 4827
5187 8431
6764 645
9107 2705
8391 6195
8036 6345
5422 8324
1180 3845
3536 23
5004 2949
2777 5674
6972 808
4283 3956
3023 9908
8855 9947
4157 976
7695 2552
5100 726
847 6926
2362 9616
5656 8184
1386 4470
1623 7221
4379 4307
2024 8294
1073 169
8491 137
1295 919
9253 2185
6304 4531
8901 6349
817 7924
4517 370
2832 9353
2200 9944
3149 8477
9415 9436
6937 2315
589 8714
6730 1962
4064 6676
8004 2430
3913 4404
5720 548
6655 5510
9341 3620
4724 5504
4985 8562
911 8375
5026 5707
3425 6827
487 5057
6146 3894
2334 8116
8188 1020
5394 3242
2517 4451
2956 8069
4562 7869
2670 4467
5160 1958
5216 1386
6277 5762
4330 7684
456 8888
8899 7243
7129 5032
3518 8236
3990 6408
8229 7850
3111 8754
6311 4520
5637 5268
919 4594
7527 7136
11 4005
3412 1360
5593 3601
2451 4583
8077 8824
4449 6587
9598 3444
801 7007
5765 8529
6643 2931
3818 221
2120 883
9137 670
4452 583
7566 1471
9933 5416
6137 129
8377 4011
3406 8064
338 3975
706 6362
9485 3426
648 502
9755 91
7673 4165
5035 2114
4410 7163
4130 5017
7916 8460
1629 9441
369 6768
758 8569
4557 1776
6887 7923
4344 1934
3939 918
6362 9630
3817 7914
2014 8788
1649 6549
5699 1220
2083 9419
8232 1415
6558 7230
4336 8186
1858 6659
416 4378
721 2718
6125 8627
8717 6476
7079 7166
409 3020
7215 7493
9588 5886
3302 351
3079 6951
6575 8326
9505 862
5145 6860
1271 4150
4986 4308
4466 6541
7652 4129
1581 79
1642 9202
6896 2235
3414 8222
7550 4678
3458 9041
4013 6529
3955 6892
6993 3270
60 9654
1335 8416
5137 239
3620 4646
2595 5583
9346 124
8385 6820
1249 4283
5579 2098
1980 7536
7681 1016
1518 2603
4174 5974
7062 3857
1798 8317
8951 165
3172 9982
808 9354
4026 1788
6383 9950
5523 6681
6838 3834
7725 5129
3152 2786
4787 2889
8666 4207
9519 4700
7996 3650
5568 4323
3703 9341
6018 4546
2368 2223
2356 2877
5999 3463
9122 9399
6358 4836
8434 1841
7934 780
9464 2296
4613 5961
6924 8019
9432 6955
2090 4179
4425 5538
5418 589
8596 708
8551 5562
1125 5906
5096 8593
7553 7258
9018 6168
9204 9313
4125 7358
9677 6873
3804 3209
2311 1930
4294 8625
5276 9706
9841 4778
2656 5326
1588 2694
6223 1156
2179 4071
7945 3785
4018 3357
6761 6977
1862 9134
2707 533
7398 5791
3058 6699
7675 877
2023 5643
8661 3234
127 8045
3542 4926
8450 2652
279 1575
375 7080
9012 3764
5797 5872
2181 7799
6855 7524
1785 3403
2112 2787
1728 9661
2890 733
8234 9143
8352 6151
3349 1904
6756 9424
2990 646
178 7561
9856 4019
1591 955
7729 15
9726 7216
1379 6307
7456 8480
4922 4885
2145 3754
8938 9060
7739 5909
1801 7846
2833 8667
7771 2157
5225 3372
4399 924
8967 2427
184 6704
531 5120
4124 71
6753 3656
8563 2681
7503 9647
8811 6930
9714 2896
6148 2804
7376 4432
2019 7156
7974 1171
3206 4667
6464 1286
4058 8698
7558 9840
1583 1526
3097 7762
4152 5111
6716 4524
5892 6135
8796 3594
4327 6450
7620 9294
2108 4209
1852 1735
2943 9228
8030 5324
4752 8579
436 8218
7203 6303
9448 5130
7149 4389
4432 1973
137 4859
2511 1466
9044 8074
1043 4577
5172 1177
6061 4233
9118 5007
6135 8693
6526 4982
3626 1774
6448 9707
2619 9903
8445 8057
4499 2350
7775 8039
4226 3019
6130 4329
3710 2461
6481 6868
306 2739
3424 2542
1314 3142
1054 3313
9483 4760
2844 9329
7307 800
8468 7360
2992 9352
3026 997
8862 8780
5649 5543
4322 6515
766 1009
3176 9349
690 8944
7853 4426
3714 5708
2087 5336
4332 9853
3526 6287
411 6170
3057 8042
9460 5110
4864 8091
9607 9025
3742 1552
4015 7073
3276 3408
5328 4494
7000 7130
7169 712
480 3678
537 6634
8128 9308
2496 6179
6609 1822
3633 648
135 4968
4781 7262
3008 7888
3200 6880
1752 7302
5596 7609
9457 3529
9020 2357
8148 6717
3253 9672
2863 6311
3523 5303
1155 7078
9982 1602
591 8983
1851 4276
9343 6369
3432 7039
511 4852
8238 3279
1671 8307
2455 7307
4978 1006
5522 640
7291 9237
7208 2821
2617 463
5369 3223
612 1655
6167 1170
6732 9557
3232 9911
2489 871
5903 1014
2272 9857
5627 9107
7206 7186
5208 2753
1102 8893
292 6739
8313 4955
6343 3342
9711 8739
4783 4174
298 8179
4751 8879
9050 9381
8632 4119
1813 1048
4551 7341
1532 5873
7925 3515
3617 9514
664 7709
6579 7295
7860 6325
6197 3570
4700 1965
7878 6280
6552 6121
9010 4966
2148 7826
5040 4643
8040 7767
3177 2707
6139 9050
610 4438
5348 6380
4053 2076
6815 1328
7198 3470
4923 3035
8387 3770
2786 1144
5507 7111
3606 199
3982 6668
8308 884
7044 7251
6456 3132
2246 419
8304 5754
4567 8960
5780 3499
9611 4147
4062 3937
9797 1313
2323 5191
3720 191
7827 3114
2016 2601
2675 9635
8857 8656
4587 7574
3756 1152
6191 5362
9418 7017
1923 3167
6959 1969
6722 6033
8136 7491
3415 8494
1254 9296
2823 9158
3025 9160
9776 9013
3151 963
2388 7793
1844 6822
4137 4299
8335 9961
5135 3467
1815 4631
7763 3916
4272 1495
3064 3910
735 8348
3631 144
899 5295
1406 990
1138 2250
9295 1013
830 3549
7193 6225
3680 7994
2789 9764
2406 6385
8510 2862
7526 3595
7830 9729
5951 6496
6544 3390
8319 5366
5316 5903
3277 4459
8853 4561
8 2747
4072 4486
6777 2598
9385 8914
6900 5094
3441 7974
6486 8581
4846 8140
3409 3636
920 5496
5105 518
4507 3719
1244 3183
1128 5
7795 1416
7480 9701
5188 2701
831 5486
1267 9474
7591 5914
8418 7433
3075 6757
3749 7315
8611 2434
5945 7583
7683 5936
2805 805
3383 7010
2598 8670
2561 140
528 9673
9176 3251
1546 9946
7018 5242
3601 3007
3711 9565
6150 4855
9477 8573
9942 9429
5008 6908
1774 2643
6136 7597
1118 7737
7892 5552
6686 6008
3969 6523
9041 3246
8932 4342
321 3363
68 7349
6711 3431
2434 6108
1750 1297
4097 6368
6612 9262
8713 9671
1802 974
9843 9443
6981 7559
1431 2555
5661 1535
1719 2326
1428 1438
702 3697
9597 1765
9456 3159
5857 254
8276 1699
2221 6893
7531 3303
5252 5740
8493 7964
9119 6968
6613 9695
5484 6221
4500 1722
9553 4739
30 6141
2704 773
4427 769
6196 7449
1528 3883
4268 2405
5031 4857
7072 5662
1744 2688
1603 1731
9986 4842
6899 9455
3767 1553
201 7240
1157 8564
4698 2135
9573 7155
6133 8982
3838 3994
1296 814
7077 5265
2186 7242
8110 5075
6262 5953
8356 8308
5664 7134
9178 5806
3304 8352
7791 8867
8983 3926
6275 3645
956 3219
962 4867
299 5418
860 5079
7427 9047
8555 4750
8094 5244
5393 284
1566 9140
9730 7778
2331 1595
7610 5040
3163 1856
3125 1138
3537 7362
4190 4026
9706 7513
2975 2758
6198 9289
4348 5555
3664 9773
7637 3773
8697 7683
4378 1603
7784 5447
4720 3837
7806 6517
5473 9535
8658 527
593 5613
8527 9631
2022 7264
5669 4654
1381 3389
6812 7963
5013 2885
9430 6050
2864 7857
8248 3099
1453 7199
7331 3465
4725 2069
5788 572
1476 1192
2301 5030
9232 340
235 5956
9070 85
8117 9754
95 7214
3747 4100
9224 3460
9163 7596
9516 7585
5112 1824
3958 198
2899 6386
8395 4532
4777 9108
1909 8255
9858 6241
8870 5046
9009 6106
1312 2508
9283 6961
3240 7390
1931 72
7555 9274
9587 5972
9760 2865
6592 532
2381 4193
6204 1964
7645 8863
2623 7897
3426 3945
29 1230
1722 1132
1446 6605
9266 5333
4848 6932
1996 4162
9066 1369
8463 7529
3314 4281
4521 4417
4769 6669
6818 8612
8730 5695
7 7761
4857 1299
8481 5626
8943 9496
2815 8797
6451 9112
1479 6209
9751 8215
97 1094
2820 1702
6044 8432
4281 5690
2225 7174
4938 7719
6596 4152
9377 2471
2125 5390
8039 2666
7071 2369
1256 9278
9361 9005
2812 701
5406 6227
9504 8372
606 7340
2931 3317
2327 4453
9813 1668
6629 2928
1986 2375
2216 4368
6784 3557
781 8673
9410 4340
4931 638
7226 7856
4325 9681
2644 3740
9572 6692
5693 6703
9596 7899
8484 5693
4032 477
2320 8742
4041 2897
4293 1243
5440 2663
6747 6472
3263 7480
1401 3168
5594 7000
7165 1815
1975 2091
9084 7373
7924 47
6249 4673
7512 5036
7496 6444
6078 7226
3065 8987
8558 8716
5108 8046
4518 6575
2620 6730
1141 1645
9899 4409
6811 9374
7096 164
7108 2869
5237 5824
5988 5118
3900 1643
1293 4462
1163 3935
2830 3305
8205 9537
6453 8434
7700 2620
2520 2960
4513 2709
168 6429
6602 6747
9017 2421
7365 9370
5623 660
7515 9306
7385 2626
2084 992
994 522
5260 748
4229 8388
1039 8134
1934 6844
8940 5931
6705 3378
9747 4978
970 5231
4868 2101
4765 3672
4980 6921
8282 9221
1474 297
9687 3676
2038 5320
1781 4635
7927 513
9038 8949
6423 6566
8482 9518
9799 8172
2483 5059
6666 8080
698 1090
6147 5210
3565 7682
3520 2825
6499 1813
3254 9480
9613 4796
9771 3701
8065 4120
4275 4247
464 4279
363 3897
9046 5316
109 3643
5974 3523
7776 9571
3478 534
600 851
2571 9546
4172 7851
9257 9623
7005 986
7328 8981
190 3452
4471 7584
429 4909
2278 5463
3625 5401
8464 1975
2185 4599
2321 2500
3438 4355
7805 1400
5089 66
4703 1103
7993 5706
6300 1787
4101 7873
1132 6607
1534 1933
1113 7947
7281 1382
2954 195
1391 781
229 3688
8451 2623
7029 615
9960 6271
4375 1998
9386 964
331 279
2106 7159
8355 7941
1847 754
6750 3461
8997 7732
6682 7439
8342 2263
2151 2704
9935 7508
8604 4349
1809 504
7698 6886
5953 5752
3719 8790
3191 5982
7303 6190
6256 5604
12 4764
4957 2073
7390 1521
6463 8560
5428 2751
4862 8767
3797 7811
2314 9570
6105 3024
3134 1581
9434 3798
3884 6105
9192 9076
4043 1472
1555 1228
7052 1635
5077 5039
3793 5852
4277 3844
2198 3355
9462 1074
2527 9897
3563 8296
9127 9128
4276 1568
1699 1562
761 4273
9966 4079
8731 4289
1922 2674
234 4876
6141 8700
7943 2390
6859 7503
517 6000
9089 3243
8783 3794
7802 7935
2189 3547
1345 4518
4141 3194
2976 9767
2532 8663
4523 9949
107 9305
675 1626
5382 783
1075 205
8728 5102
2683 6053
894 6804
57 8262
7446 5637
4936 4031
2709 4369
8431 6192
7790 6488
2908 8749
7324 7319
7615 642
5800 7021
1040 4846
2639 1842
2669 3743
3354 4484
6508 1208
1882 5594
3042 1162
1053 5815
8964 7361
2651 7578
4823 7847
5597 904
4821 1237
8877 6229
4505 5236
6783 8792
2257 1201
8296 7048
7634 2381
9752 5400
1275 3913
1495 8169
1127 8605
3463 9663
1297 3871
5713 8969
8784 2441
9216 3150
1221 2266
1589 3815
2994 2764
9938 6727
7117 5492
2556 5750
1469 3191
1457 5812
9297 6154
6757 8691
9281 3599
5005 9491
8925 9334
2801 5490
474 1920
708 9906
1196 3700
4801 665
9490 838
9507 5365
3056 5636
5046 8779
2524 8240
3446 1309
290 7466
8261 1038
9693 6842
5214 1291
3981 5975
2213 8304
7485 8864
8782 7673
3004 2517
1086 9731
7593 4912
8045 9167
7841 3032
2139 654
3166 7814
5585 2219
5792 4424
6338 3238
1270 3781
9546 6773
4992 5563
5662 7908
5309 8628
2361 2605
1433 1578
7424 7943
5719 2682
8503 146
8883 6649
5151 6627
4981 4791
6203 5719
753 447
3853 7045
8861 2045
8258 2842
8191 8528
9886 8642
6787 4541
8952 9397
6663 179
174 2256
4528 6702
9839 3436
7982 2941
5037 6438
4320 2845
8250 3647
8320 9232
6727 1691
6480 2316
5286 8338
9532 1233
5668 4446
4640 5880
764 3208
6466 5213
2495 8984
36 2526
7243 5174
141 1046
576 6759
3591 1726
4479 7743
2741 7551
6437 7238
2612 2035
649 7051
4764 5123
1577 6512
5266 3248
3468 4393
9383 176
4225 2164
232 5294
2533 9426
5556 9686
3976 8495
2188 9742
5114 5389
240 8733
5646 6732
3470 9714
9848 2525
5790 8479
4205 8881
2094 7154
3717 971
4822 5938
88 2775
14 3995
4504 1481
2222 6185
5944 8963
3525 9738
8688 7211
1652 6883
6069 7879
75 3597
7676 8718
8394 8044
4356 7244
2995 7425
1759 2683
4679 9675
120 676
3808 1740
5946 6510
3485 2794
9487 8575
9250 1994
4671 3441
5501 8830
7353 4601
1045 4574
3521 6672
6227 6172
4833 2700
1912 9796
3413 9711
8437 6697
9734 4461
977 3332
2164 6761
4036 7736
1321 765
7505 1718
3847 2914
9193 7638
3648 7197
6369 2744
9367 5573
8958 7275
4012 5058
8900 7808
9661 6966
6934 4983
4049 6260
1779 4397
3070 7443
9364 7386
2051 1612
4895 1909
4825 1031
6726 6189
5320 2878
3996 4422
7373 1102
7232 1520
816 1611
2966 9156
8669 3757
9845 3445
5485 1189
9722 5588
5849 1391
2191 8292
6513 3713
3274 8979
3453 6103
8231 8942
1644 2560
4734 9251
8275 3742
9241 6810
6908 1808
3072 9494
6714 1940
9574 1431
311 3369
8024 5770
6156 1096
9061 5048
1510 1271
9915 7081
1949 6984
6205 4892
6881 2487
9215 9900
2796 7485
4219 250
2998 4034
726 1648
599 6253
1821 6645
9971 8112
139 600
6036 8917
6969 7402
5415 9438
1921 4164
7848 1752
452 6936
3228 493
8376 3415
6519 4833
7678 4141
8400 5984
2750 4300
1684 6935
852 9302
8343 4224
541 9131
1563 9335
8105 2079
4511 2455
89 6262
3821 2376
7430 3967
5543 92
926 5066
3376 6552
7351 5902
5234 8899
1879 8000
8757 4109
5153 821
5624 696
9409 9400
8723 5783
4155 1885
2865 4943
1198 5753
1131 3805
4386 5867
6484 6128
6589 1900
4298 9549
9338 5947
8173 4946
4266 331
9679 1848
3245 566
1194 5388
2350 8123
5566 461
1913 2691
8368 7919
6810 4285
5218 303
1411 4194
7635 2982
8561 902
3524 9596
580 3396
2128 8930
8252 9415
526 4664
3945 8753
463 5839
7712 4949
8529 8757
9080 5861
1573 4777
4989 5397
9378 8316
4904 1406
7437 553
7497 2462
5725 2712
100 3631
6534 2019
7671 8703
4944 2368
835 5774
1604 8448
1063 8232
6914 9077
4573 131
4222 4155
5292 5640
1511 542
6952 908
4295 9194
9705 5131
2475 3806
7135 5291
9121 3078
550 9988
7952 1390
4081 6788
5882 75
1377 4437
259 3351
5970 468
7300 434
241 3320
7342 3017
4217 1556
4271 6034
4323 702
4793 1245
8365 4995
9778 6531
8754 3029
5325 7194
6157 1816
7392 3055
2290 6708
8592 1215
7799 4302
9392 852
6853 4056
1871 6831
5587 1198
2580 7749
6868 6097
7197 9595
6098 322
1100 327
6173 1605
8301 2143
245 953
3671 8098
2755 1579
2408 5379
5647 1946
5324 8334
2336 8355
615 1241
3869 2721
3674 683
7708 4065
9324 1784
4947 2024
5319 1530
7589 6436
7224 6995
2209 5970
922 2849
5272 4864
3359 9548
3491 1833
3290 9874
6116 8475
2448 9159
1261 1887
4732 5061
9093 705
5155 6252
1651 8380
9226 7430
3814 7739
3833 3417
795 5855
7374 8775
9037 9236
3139 5205
8151 8583
4872 6778
2509 3245
9983 4795
447 9267
8949 5073
1405 5081
2376 2920
6352 7519
6282 5709
2589 3134
2135 8819
896 2425
8441 7257
1167 5908
1632 1792
7161 1357
262 5773
2207 2609
1616 5106
7114 6078
5577 9009
1171 4752
5197 8278
3750 3412
6455 4917
1461 4952
6091 1546
678 2411
4710 3524
4123 3860
7236 3972
9518 6289
6664 656
5866 3447
5657 797
2078 7272
4804 7725
5885 9414
9075 8263
8894 4629
3534 4906
1065 5263
2591 6540
4574 9425
6925 8389
3411 6482
7141 747
6346 9004
1090 4918
3977 2090
1757 1292
6797 6532
5935 7744
4899 2370
4531 4691
6708 9206
6637 9346
1241 7177
407 9971
8062 1533
9999 5786
1317 4871
5651 5511
5612 89
563 3471
53 3585
1567 6786
7609 4158
8624 6269
4778 3747
5778 1193
1552 597
2050 496
6388 167
191 7220
768 2108
1353 6099
4417 7946
3576 1614
4098 7803
6514 7348
6144 8577
1355 7204
7389 8513
1337 110
7130 7968
4666 6906
7919 9693
8249 1564
7109 7530
4940 6374
5528 5964
614 2895
4658 5153
7755 8119
2054 6884
2010 8400
8972 7518
2435 9150
6551 4611
960 6794
2137 684
2202 31
2734 3705
3846 6089
6960 4822
2711 8809
8927 5517
1741 8796
6509 6696
6094 2159
4678 8741
8226 3618
2167 8151
6301 7768
8623 8005
3473 907
9452 8880
3344 8820
6397 1667
1255 9
4771 6218
6083 4711
7057 1580
8962 9699
9733 826
5863 804
7338 5691
2190 7237
3885 6211
5635 2147
8762 3559
4776 7776
7032 2651
8612 7622
3051 6631
637 428
4697 9097
6396 8862
6233 3449
7632 8056
8269 2479
7931 5450
8767 8561
8998 7388
7659 3898
4570 301
3170 7029
9342 8082
125 554
5941 9715
934 4628
471 7591
1693 7352
5335 3066
4340 1210
9786 5240
9004 121
6542 4736
1694 2726
4549 1307
7467 8408
5996 3884
66 6313
1910 6518
130 8031
9540 7539
337 5859
7210 8025
1399 7608
3875 3817
9381 4600
5067 3581
8178 5080
1055 3572
8737 5428
5795 650
217 2722
3645 2204
1214 2544
200 6780
1370 4428
9904 538
3609 1465
5027 8092
4746 8035
9526 7727
3644 809
5056 9057
3180 1961
7246 4410
7100 5227
6189 2276
7284 8690
898 2909
1463 8033
1628 2576
9900 7993
7278 7695
2017 9093
2545 1409
1572 2799
5274 4731
8227 1334
1978 3052
6373 4024
8121 7489
6380 5725
7431 7266
2396 6425
3391 2602
4412 9224
8506 45
5494 3727
5084 6491
124 756
1338 2087
7145 652
9699 6837
7280 1282
6801 1167
5436 3419
1483 2551
515 87
6392 8582
845 3788
5315 467
7064 8229
1500 2300
384 96
2306 2679
9286 2774
2387 8354
2784 1223
4946 3217
8884 9172
4855 4944
8083 8276
4302 7320
5844 6207
5602 9186
2636 1695
3285 9345
8910 609
2461 6199
128 7861
2163 2757
9707 4562
8640 4655
3845 6469
8068 9556
2345 2023
4585 4110
999 8518
8023 3254
5122 9371
2102 5117
6365 2497
5439 6478
2926 5164
9372 6029
3000 2213
1031 2302
276 1661
3378 7998
3368 7343
3131 7843
2415 4682
8687 4969
4850 4423
3052 9298
8143 6027
1531 4997
9854 382
1679 5135
6725 3981
506 4198
7851 2454
9443 1238
7364 8808
4451 7013
2934 3130
3658 4298
8827 3726
2793 6612
4414 9582
1895 6538
1968 6499
9937 7612
5219 5306
7006 1083
5586 9031
7883 1340
9293 7600
6994 7066
8116 8999
1812 2165
2553 5177
6955 1928
5147 3063
7074 841
4066 440
6407 8523
9195 2820
9177 7235
1466 8163
8992 8086
1059 3750
6591 2483
6149 2358
954 4689
9639 7648
6884 1124
6140 38
8144 8578
2763 3257
9537 9291
445 3438
5726 4948
6117 4981
2369 8947
9071 7227
5729 4038
5375 185
9531 6352
8580 5018
5059 6021
728 4295
7597 5658
7809 1876
1954 3766
4030 9028
5625 5441
5138 4376
8088 5009
6665 8310
5783 4801
5769 41
9358 5879
9042 237
4563 7095
809 7516
3634 1543
2397 8610
2883 5190
6674 1563
1258 827
1551 9727
9964 9217
431 9955
821 4965
9214 9525
3960 141
194 7093
5540 5327
7723 3456
5101 487
4370 5656
6024 7404
8977 3290
5541 3516
91 7109
8821 9481
9268 4151
1388 2797
345 5453
4736 9722
4089 4092
6768 3067
3067 3054
4969 3772
6201 8555
2834 3211
9108 5744
8107 7806
3837 2613
6902 7279
4951 2720
4206 8524
8614 208
5318 2312
8257 7630
43 631
8334 7392
8860 5582
9984 4047
5339 3364
7990 7176
3110 7785
9328 5122
7356 349
3766 5027
9213 3934
6546 2379
8918 6232
6713 5916
5054 1151
9363 1174
3629 2952
8556 3637
3500 5212
9555 100
9441 2099
4008 6480
4731 2443
4019 3111
7118 1650
6281 7363
2525 4075
5414 4082
8241 5179
1506 2011
7590 3430
1776 730
6297 442
8008 5711
5283 3593
2846 1293
1164 5992
7139 721
8176 3717
9254 8032
6100 725
8183 3395
2110 5513
2208 5317
9514 4641
8846 4772
8933 9600
2964 4932
5555 2305
3341 5565
502 1881
942 3847
5665 847
5743 4942
2282 8108
2703 1837
4367 7463
9112 613
1839 1176
8404 4741
5559 7273
8584 8782
177 8414
2026 9574
4100 2016
1881 1106
3103 2414
3948 4767
2625 5127
5631 1664
1042 6632
1329 1733
944 8608
8167 6610
1213 8290
6862 4889
5673 3782
2947 8256
7598 4941
618 3553
3059 5842
4515 5439
7075 6801
7995 1968
3348 4456
6103 5948
8458 2591
7093 5853
2367 697
2539 7459
7297 5243
3533 9402
1084 6296
18 1679
80 1790
7525 1372
9503 6976
2868 1421
2057 255
2749 7032
6342 2423
2063 5554
5584 1727
5939 4077
7400 148
5294 3022
1705 4382
742 8948
4761 9926
6261 7168
2781 573
8675 713
868 7904
2498 6498
6155 2927
351 6133
7875 8066
3736 1469
685 3624
8814 9540
8455 1235
2474 3619
9016 1463
4576 9808
4759 3712
2903 6066
9094 9338
4760 225
5088 1775
6580 4831
3024 4086
9164 9713
5855 4436
7611 6815
4831 9087
5862 1169
1060 2048
8727 8626
6692 2831
1712 2513
2096 1346
6153 880
9934 315
6239 8164
9902 2419
2736 256
6888 6188
6578 20
8374 2772
5186 9803
4186 3236
2480 4807
2744 1622
1175 8165
8660 8346
3123 32
9356 4899
9520 1976
1804 4058
2853 8637
2546 2592
4289 9406
3288 6035
7345 2974
6698 853
3258 9782
8325 4592
7967 5789
5235 358
4494 3856
1223 1711
7449 1959
518 3409
166 3812
225 8470
2565 7939
3357 560
877 3411
7289 2141
3787 9246
7116 143
5994 3784
7915 4136
3865 417
7548 7304
2549 9231
7721 1396
3308 3074
9026 2187
5142 200
9272 1420
8505 4476
9928 9269
5413 1534
2170 3282
5359 187
933 9421
7010 667
9957 7514
7533 209
4920 5559
5618 7442
4882 6907
4442 3181
3880 831
1786 2449
8837 8243
767 7483
2173 5056
3168 7381
2996 7460
9941 9283
2572 2104
5444 6823
1783 1402
466 881
8677 3864
2500 9099
2627 5698
8823 2581
5048 7468
5453 8363
4884 1032
6693 994
6928 6751
2787 1462
7154 7161
9393 1925
2005 7820
161 6720
598 5998
1935 999
9603 6044
9633 387
2603 9145
9149 7288
253 6790
6850 7940
5557 746
4564 9081
8327 7586
976 8458
8768 58
9068 8089
9429 324
214 4028
1560 4939
7594 4493
2977 273
6106 692
807 2755
4656 2736
5191 9164
6735 9878
895 2731
1590 9471
8081 2361
3694 3521
1686 4623
8916 8677
9335 2163
8103 5784
1836 7734
5503 7957
6229 1674
1173 2201
3201 3497
601 6657
6989 7651
1764 4385
6794 1524
2203 4134
4672 7966
4617 6166
341 5675
1608 3668
1848 7400
2516 5548
917 3239
7605 1348
1468 7247
6487 5705
2847 4556
4073 7694
5902 7784
5816 6182
9027 6770
621 9396
3286 5432
5327 886
6817 4805
2015 5578
8719 7378
8397 4463
3066 7916
9715 3080
9003 6439
7022 7225
1872 4727
3757 5301
996 4206
5916 7092
438 6065
2247 8902
4428 7036
6672 8607
5387 2088
4005 911
6939 9470
269 5481
3993 899
3038 1029
2454 5373
8398 7613
1956 4625
7766 9860
4341 855
7247 5980
9302 3401
5351 2392
2479 1353
1470 9297
8889 3560
7563 7185
939 466
8198 8980
7985 9694
4835 7542
5313 5890
3116 7809
4334 4538
3583 8929
3963 5083
633 2323
8388 6047
1739 7871
8005 7025
6891 8585
4901 506
4279 4203
8086 4930
1960 3435
8483 1716
7765 5296
7783 9101
4472 1550
8929 6543
798 2450
2271 935
6826 2125
9316 5103
3419 26
828 844
4817 687
2491 1989
1822 7455
7305 2595
4020 6399
9731 6998
2837 7114
5682 4371
4934 6945
2077 6738
9043 6992
5355 4277
765 3103
2371 9495
6492 6409
1894 8827
9617 1130
4797 5729
4296 2192
6286 7951
1718 6772
5927 7606
1343 917
6565 5723
3594 9775
7013 7232
6171 3517
5701 6755
1513 7885
3850 2272
462 6006
1233 3633
7997 4232
9155 6045
3303 9499
7984 3579
4718 3795
9625 6734
8472 4054
28 1263
7843 6754
5106 2095
5258 335
4114 4098
365 4333
4779 4144
8914 6272
9716 7441
6333 4131
5170 7771
4577 2621
3744 9583
5 6954
684 7657
5906 4020
7477 7907
915 7089
2808 7502
395 425
2437 7936
849 3687
3852 7922
6909 7787
496 2309
1755 8997
4854 9513
6561 4929
2537 1440
8292 2320
4649 3787
953 3903
442 6516
9388 6956
1885 44
5296 8755
7414 9838
9459 9124
8221 1453
3221 2032
7313 8097
1224 8859
1052 9975
5876 9492
1465 7948
7715 4123
6367 8938
8806 9966
9995 290
5801 787
2346 4189
7669 8567
905 6339
2067 9417
8054 4156
6623 9258
2275 1744
8311 5884
2766 8932
9739 9930
7310 4167
4756 5010
2512 5235
1890 9356
8922 8399
9231 2049
2493 3393
3733 4040
251 8464
5676 8234
1440 9526
3389 2155
973 3877
5457 9750
655 5869
1940 4344
3260 7958
6260 3338
8753 9777
3561 1491
7081 9712
4400 5589
8638 1704
5551 8288
9102 5270
1543 7909
604 285
6056 4701
6560 8293
1704 3455
1735 2567
2370 728
5431 7416
5344 8745
8399 8875
1240 9452
9772 8245
1908 7579
3762 6806
677 9422
1891 6742
9171 7848
700 3924
4490 9619
7770 8270
6780 1713
2130 2935
5838 7842
5207 7203
352 9979
3084 6864
6360 6070
7583 2265
3774 5621
7133 8871
8996 9405
1179 9114
1843 9053
7599 4253
3186 6887
9124 8017
5513 4238
3854 4910
7092 28
3124 1326
7877 8769
2504 2478
4995 2137
5247 5569
1114 2557
7738 3104
572 3556
6697 8858
2929 9216
6933 3889
5248 2452
6941 7366
1030 9199
2916 3225
8415 8439
7568 7309
8885 7705
1977 1628
1946 2993
6368 4346
3701 5845
6679 4053
5332 1284
5771 628
3216 8144
5749 4093
2232 5406
5400 2916
6210 3327
9728 8956
5839 8407
1659 6077
1122 8299
2413 5587
535 1187
1390 2695
7686 117
3665 8848
5733 1076
7896 329
7511 6486
3891 5354
4464 1538
3794 4097
6319 35
2596 4061
3812 2281
6425 3268
5329 2980
1508 4680
8647 6125
8194 9211
4090 2519
9951 2686
9157 8831
1793 6360
1083 6377
2819 4186
2748 5939
3971 3189
5308 2189
1239 3009
724 8664
5690 5841
7604 6285
3997 9856
7267 6265
1942 3481
2691 8131
4329 4218
67 1251
1586 4660
8026 5897
8993 7398
343 3093
7737 1051
1790 8180
4189 6533
4393 810
244 4022
4754 5209
714 6397
8923 8566
1126 3341
3586 4527
2342 4565
2836 8418
6213 6031
7696 6281
3867 3414
8307 9116
6537 2816
9234 2986
226 3418
574 8469
5490 1108
9672 2259
5373 5351
6023 1035
9932 7446
676 6654
58 8013
9081 5900
2235 7670
5614 9883
5356 3531
2624 2040
4384 4687
4538 7060
8414 8376
2472 2401
7273 6084
3450 4723
7416 5870
6109 6461
8803 637
8740 6949
5163 2789
6977 4535
8631 5522
3031 6149
7887 4126
3230 4666
594 8095
2477 3621
7623 4176
8649 807
9829 1214
666 4243
6390 7328
2788 3580
7576 2876
1903 8206
2154 2438
173 7399
3952 9885
1906 9747
1832 4388
4909 7293
4119 5995
2497 3648
1657 900
7584 2730
2020 5407
3820 1356
7691 2543
9352 3428
8560 8807
7728 7429
4484 2027
1389 2291
1429 4593
7138 1053
1539 5495
3839 3532
3549 7912
9619 9952
7991 5732
539 8971
4900 8393
6010 9871
9181 3920
6417 8079
9076 9551
524 3059
5858 6452
1246 1748
5912 5435
1333 3659
350 7979
2187 5304
6095 9786
2835 7619
3231 3554
9746 8517
2886 8591
5685 7474
9513 5113
8698 2788
6967 5139
9458 9507
8971 4312
8341 2966
8748 9776
5821 1186
5432 4191
2194 1513
5973 1327
1145 4330
7357 2574
7538 4703
6786 9229
6152 6712
2635 6191
8743 4240
6704 4205
3467 1874
2403 3118
5262 4401
9101 1954
5581 8710
4342 7581
4921 9411
9849 1922
283 8145
2006 4381
5919 5204
1434 4044
2946 2811
2502 7364
3994 5550
2192 3720
6657 4216
1958 2034
3871 688
5458 5169
2281 3728
3832 1295
9374 4657
9162 1383
7333 2798
9062 9847
2927 5281
2730 9864
3455 3987
2382 2188
8577 3876
5042 7053
9375 1676
6462 2992
8502 1112
2857 1797
6283 2967
3877 7091
7977 1523
5558 9938
8606 3622
9562 4513
6549 7105
3726 9309
8453 4122
8386 7313
1787 9185
8204 217
8027 5071
9666 2633
7463 543
1022 9021
7190 1259
8629 3493
2335 691
7524 6113
7937 925
340 7564
2377 659
1264 2527
3843 6223
2155 51
4433 6914
1687 1608
4888 5098
2412 1148
1360 1105
9863 6299
3006 1355
4474 8441
2423 6446
3108 5186
2893 6871
5249 3266
3032 5429
5149 6009
3527 7299
2332 5246
2827 9331
9476 7997
1276 6782
1074 3652
3063 3804
3881 3092
4244 1137
7459 7527
8725 3917
7106 5703
5775 7100
7241 3316
3487 1433
4040 2667
3061 7688
3087 9902
5905 2524
1332 7515
5487 4755
909 6423
7341 1408
3262 7992
8570 7435
4300 9489
9867 1649
838 4182
9878 8482
7704 153
882 1207
2088 4570
5715 7124
8705 2814
7956 941
6236 6569
6029 9312
5445 7890
8439 7254
5353 2145
1475 2754
6759 3718
3503 5790
4790 7423
6082 743
1856 7096
8872 6095
6907 5558
3490 920
7690 2484
547 3180
481 9343
9404 1872
129 6522
1716 4809
548 1586
2427 399
8332 3016
5619 6937
5628 7104
8655 8192
6840 9465
8079 3684
5376 22
2287 8072
7876 7865
658 9330
7530 3809
4542 5509
8843 8312
8370 7783
4351 9844
1610 306
6601 8818
3457 5315
584 1901
5041 270
1092 8029
2822 5840
5560 2942
3637 567
9402 6471
9206 9987
282 6942
8220 8038
7272 1592
4337 5197
4438 9169
8293 2206
1807 1515
6626 2212
148 1588
3269 8678
1003 1183
8070 796
8716 8559
8946 1250
9954 4788
9569 4790
8454 5125
1517 67
5173 6805
6715 2583
7518 5531
6336 8568
3085 6328
4851 3608
7621 7676
1734 4441
7693 8571
7184 7119
9875 7427
1225 2529
2025 3537
6202 975
1983 8185
1721 2597
8871 2229
7838 5097
4242 8632
9712 3679
9048 4113
2425 2270
5386 7870
8389 4936
5212 1903
6500 7653
9019 223
6956 9255
3493 2854
1451 7147
8225 5835
7418 9197
1142 9431
3825 5577
9310 1028
2044 8652
8057 5023
3548 6176
1181 2562
6568 1110
2638 1217
121 7635
6445 1468
6341 5639
2710 932
4533 6622
5802 1494
3104 485
9713 7382
8517 3120
4675 3869
1663 9319
9496 1279
9591 7563
7687 9981
5488 1200
8919 6124
1371 1365
7235 4799
7002 2107
3776 2022
6518 4693
7866 9048
5895 6849
6129 2834
9198 2394
4692 7901
9885 2407
4122 2028
3604 5699
6720 9222
3418 6690
5643 4890
1889 4582
3210 2151
5907 1799
1210 9948
2140 9867
9647 4337
3899 7650
8297 9394
6287 9889
5003 8910
8459 8923
8990 6302
3208 5404
5932 4756
2293 9509
6910 1354
9132 2951
5520 3753
4839 7458
7734 2827
5950 1531
1107 1537
6483 5881
5409 4402
4478 7678
3494 5029
9528 2299
5345 9539
8833 2948
2447 6184
6218 7428
5365 4902
9576 2697
9508 1865
7275 249
2324 5796
4140 1306
9355 8094
3967 762
1305 1473
8383 2004
396 5258
1229 1633
7964 3745
3600 6667
9450 6372
8169 8868
9117 2516
326 5584
8457 9247
8346 4319
1482 3592
4070 4254
6839 460
2273 9475
4933 7706
8010 4480
6015 152
6293 9668
650 7753
1007 9226
6049 3110
3800 3002
6251 2975
1070 1205
4766 9233
7070 1757
6971 9002
4979 8916
5126 7866
8314 1131
5909 1323
5362 682
6841 9080
3284 636
2541 5217
7508 9807
8290 5537
7455 3710
1545 6212
4462 2477
211 8786
5443 5342
8213 4370
6225 9375
9952 3065
7874 5641
4194 3365
6944 8481
8758 220
3226 1773
2183 678
2773 4006
4555 1960
387 3731
9480 3094
7917 2624
9737 689
8822 6707
7220 1627
4285 7190
7056 5499
1116 6753
6724 1361
6120 823
7250 786
56 1311
8132 9478
4175 8456
2515 1862
371 9392
6906 5704
5448 1703
3927 1260
957 5997
8790 1290
3917 7478
5758 2824
8546 1141
2634 1811
1105 4266
6738 9451
9202 4252
8975 8783
5467 4865
7441 9854
694 3382
1376 2473
1493 4051
7540 9924
2440 6015
3047 3640
8000 7854
1515 1399
1300 5622
7148 9295
4091 7625
2260 7756
9581 1499
9284 2725
1294 2961
1680 2864
7546 9696
2416 62
4690 551
9816 7763
8357 3922
1259 3862
7200 5619
4997 4713
45 8367
5825 1819
7055 7554
9864 1153
376 2838
3915 8176
8306 5476
8673 7775
51 4954
8815 2617
2939 3685
3352 9965
7992 8835
2681 9541
8271 8187
8547 8662
470 6989
5021 5949
3895 3265
1988 7796
8166 7721
1831 1606
1331 2972
2989 1387
2229 6756
8479 1351
79 9851
6799 5286
733 8936
1677 5665
7140 2244
1865 3825
4196 8328
1452 3961
427 5343
6584 8453
3118 3919
2352 8853
9965 7426
9784 8810
7119 4479
4148 4901
2486 4130
8152 5199
3440 371
932 8173
8109 6395
4977 2297
3827 7810
8461 8109
3698 9662
1562 8063
354 3957
6022 1536
39 8641
9368 5466
465 9531
2431 4272
5196 7394
1044 4803
8175 2247
4391 472
673 806
1368 8493
6883 1252
7464 3644
796 8957
8416 5041
4423 4236
4492 5226
5959 7248
783 9201
8381 7321
324 8219
9008 5063
4404 5601
4881 9914
2940 4037
7209 5950
3030 5458
239 2676
4616 6962
2476 6686
5053 7250
7811 145
8616 4645
7727 4008
4878 6653
2667 5371
8140 549
2349 6140
6443 8912
1945 5448
198 4469
8873 1749
9605 610
7951 7747
1348 9936
5456 9998
1676 3938
9083 9467
6961 439
5300 3551
8973 791
4572 8207
538 2546
8202 9770
6880 7798
7641 7054
7191 488
4827 3122
5267 5196
2405 2242
1665 3807
9836 1647
6192 7492
7663 9115
9252 9800
3514 1101
5610 1516
5582 6430
6625 1953
7745 394
8099 296
6846 979
2095 8615
7743 8534
5967 8322
4595 5727
3918 7828
1269 5627
2032 4828
7339 4475
904 4717
1273 7110
5553 7605
7255 7205
493 5764
4147 9895
8694 1596
2358 8213
602 2217
990 3367
763 802
2318 3490
4144 6967
2030 4313
4657 9073
9657 1737
9584 2716
3272 8537
6707 8133
5731 5436
2234 4848
1751 3673
1438 3289
237 2654
9627 4686
8032 4537
4224 2367
5748 706
961 6248
4403 4473
8340 5848
2599 2397
2080 3908
4046 2784
209 4797
424 5512
4218 6243
711 4251
2027 8129
6570 2796
1001 6706
2843 4454
9615 644
8903 5469
1505 2839
9359 9743
4248 930
9859 9667
1418 4379
8963 6504
9427 5685
8112 9674
750 1342
9369 6570
7478 9941
1323 9241
8693 2181
2394 570
9981 3872
3080 5985
5434 2900
2717 6092
9269 9279
9742 8907
1471 1681
1633 4606
140 8653
7488 7733
7468 6085
1825 7270
4185 7084
9634 4933
5562 5858
8338 5215
2692 6174
981 310
1611 2354
9314 9859
4742 2085
3147 8130
1257 3220
6398 943
9522 8435
8154 6058
1162 4813
6026 7575
9947 7231
8113 897
2570 9303
3239 6580
4467 1428
2981 6274
7752 1256
7911 1863
3754 6392
7180 6969
2299 5219
6143 7886
7378 3990
8155 700
8878 3628
457 6040
8208 1585
3700 1571
2046 4235
1088 1512
1503 385
4749 1847
9500 5020
3842 9205
8012 2373
1556 4782
5687 6143
6866 464
3732 3982
775 5863
4165 5443
5831 1912
5810 5411
1414 922
9985 2123
6894 338
3345 5107
4842 4894
5047 4720
2817 4792
7125 1278
2390 4743
5349 2987
1749 5738
7834 7841
7653 7052
9846 774
4103 7915
5000 8715
3954 135
2654 8450
4634 5162
7914 3899
3018 617
2601 3352
5824 7037
4251 3199
8912 5954
7469 6266
7844 571
4288 9940
5949 1632
9688 6340
2587 8812
886 6396
7457 7656
366 2806
4051 5667
19 2634
6661 264
2526 8659
8710 8574
8406 3696
4173 1364
4240 9307
5367 8343
2978 6553
2610 3362
5569 6019
5940 5734
9421 3792
4806 2728
6767 275
5532 8394
2962 5579
9689 9383
3553 4374
293 7898
6119 8771
9664 5798
9798 3780
7717 1610
2182 5223
2732 4690
567 8553
1643 8040
5654 5561
1134 3953
1656 3291
4453 1518
9604 133
2174 1974
9626 2451
2152 2071
7476 6557
9469 4814
1564 1111
7677 8153
3824 4014
9147 7617
2097 7041
2960 7637
5280 1921
7276 6159
9740 4025
8466 1720
3585 5498
6507 3165
6123 1100
9870 317
1472 1851
2518 6356
8785 9373
233 662
5930 6337
8957 5813
8061 9824
9805 7738
8565 8390
575 2844
4856 8784
162 3612
5746 8804
9880 9040
9382 5566
5192 9809
9426 4106
274 69
5925 6987
285 1305
9834 771
9143 7138
5492 2100
8060 3646
4117 5679
5677 6866
5391 545
7225 577
6789 5393
5285 2236
327 5822
2146 6383
2845 9033
4033 5819
6322 5891
822 6483
8499 4640
2253 6830
5446 1730
897 3538
9436 3823
4535 2068
7797 9880
6042 3723
8832 6946
5904 5952
5794 8285
5572 724
8405 5801
3132 6728
670 7639
9031 4115
5184 6716
8318 9550
3098 3583
3581 1122
3150 1709
6411 9333
2473 4553
4903 459
4389 5008
9860 6257
342 7954
8363 668
6594 2921
1290 3427
8189 5159
881 3083
4730 790
4601 1352
8146 633
1158 8747
4660 4421
8259 9213
3724 3008
5139 5245
5660 921
2983 2671
8255 5825
2932 6434
5752 5239
3572 3707
4243 5893
8882 5491
2874 7015
7890 7354
3454 8617
4819 9545
9542 3614
3547 1435
936 4928
1219 968
5435 9126
1019 5445
1382 752
6669 9823
2900 2139
1905 150
9630 1779
5910 2995
7465 9576
2694 8103
5465 184
4582 436
5091 3513
5271 5592
5022 798
202 2456
3623 952
820 2561
8548 5133
6285 605
3398 6335
2870 2351
3970 8676
4625 8126
9120 444
5498 5006
1521 6348
5336 5256
3475 2746
8819 2533
7836 9779
6065 1037
1619 9959
4201 2675
7938 1739
2997 5052
6973 4192
6574 9070
5136 3311
1266 8590
1206 1849
9783 3360
625 4275
5972 6618
8438 229
5085 1095
6449 833
9326 6511
4270 7142
3786 3907
2384 9810
9371 6254
2718 9702
1432 9407
404 8738
1938 9795
4648 111
717 2336
7233 1338
5767 1126
8246 528
4232 7708
7082 7158
6163 4632
4445 9843
4128 6351
9454 6071
9903 2863
4510 5254
4726 5347
871 8461
5712 9827
7091 9769
7664 8345
8474 2176
435 4472
3678 6268
1547 4365
8222 2649
757 6470
2484 2033
8589 5652
8049 4832
2771 2988
8802 3664
918 260
6003 3141
5698 4325
4241 309
7541 720
5846 3488
3789 9968
1662 9733
5633 7902
1336 3021
7630 3507
440 5222
7606 204
3516 4498
6305 9339
525 5267
7835 5356
8786 7153
330 4160
2506 1113
7959 4262
4456 2082
3761 5545
8034 854
7259 8549
7110 3909
1398 8217
1313 7882
2902 7568
6921 5172
9992 5847
5107 9130
3834 5331
4705 5741
583 2175
3656 6617
9780 203
1115 9563
7762 2750
1437 9716
6746 3001
3692 2232
4292 3140
2971 887
9961 2097
8650 5959
41 3881
2585 9806
1488 9238
399 895
7487 2594
7207 5645
9493 2396
4177 3053
3298 125
9758 8548
1526 1657
5958 9094
9332 9029
3338 2226
8185 3300
25 6401
2860 4847
1419 5087
8791 8161
1597 3310
8336 2881
7293 9064
4669 1838
9874 3496
7900 320
4328 6279
9533 8233
7948 2445
5884 39
9463 3666
9165 7758
9788 7837
4741 2903
7249 4458
7750 1725
1621 4041
5224 3603
2488 7224
16 559
7545 4964
8578 7852
7491 1017
4009 6898
1274 1789
5933 8138
7847 147
9620 5940
9893 8465
529 5224
5890 3262
8825 3478
9642 622
6538 8114
6097 3472
8156 7370
1772 6323
73 5329
2809 7718
887 3838
6434 4324
5060 40
6930 4208
1250 6474
1024 9125
5509 3385
5424 8685
2803 3749
7562 2128
7718 7297
3002 6875
6399 2301
8262 1993
1753 2200
4996 7375
2982 5638
4545 9435
4254 2218
7443 7408
6045 5823
6986 8319
6573 2211
634 9120
6482 3777
2249 7252
3229 7102
1544 4733
4480 6442
1359 9558
486 6264
4928 759
1664 8128
8908 3356
837 3186
5867 7636
2036 4443
6611 6440
819 8403
3106 3358
1458 7325
7409 6381
8749 5011
5822 6721
9850 9249
9795 1222
842 7906
3772 29
958 8105
850 1638
4794 8099
6778 8471
8590 2563
5120 910
6632 5198
5346 7350
4065 4644
1762 4595
231 6123
6932 6904
3179 1079
9583 5983
7500 6679
6648 2978
4364 1532
5450 9801
5307 8007
8419 5922
8215 9410
6958 8106
6926 1896
2002 4552
7251 182
1991 7862
1174 213
8628 4676
7757 8083
630 3146
9896 4229
9548 478
6684 6361
2906 1529
786 5173
4763 4036
7735 3654
3143 9957
2227 1073
3735 5156
3571 2662
2279 8124
2283 3778
1646 6963
3541 3178
7986 2872
5451 2374
7575 6608
3897 7726
769 4837
6378 4222
8630 9372
5291 5128
6307 2962
4029 629
3769 3087
8987 5064
5228 4526
941 1272
8429 3398
4131 5612
4160 6002
2383 492
568 9056
6531 5026
2562 4439
2385 4375
7087 8611
8627 452
4055 1717
8007 6387
7850 1698
6298 927
3461 8915
1820 7475
9210 4811
4747 1795
1011 1270
154 6233
4333 3694
2849 7125
7458 4973
4374 6698
2880 9301
9708 448
9007 413
8848 6277
2791 438
5620 5446
627 3380
5598 9122
884 8748
5395 1418
3346 6020
8091 9797
9697 4705
9963 5777
5396 9923
7481 8272
5463 304
8583 3138
8696 5140
710 2549
4485 8004
349 4937
4757 7384
9279 3061
7870 679
5333 1219
749 7686
4204 9351
5875 8913
3613 5475
3279 9658
7577 3121
1485 7891
9691 4789
9990 8051
6550 9459
5688 775
3904 9604
6776 6527
4282 4286
271 9829
87 8342
83 4542
8644 1950
221 2734
4149 7298
3486 3991
7516 2115
2119 6750
8587 2208
277 9717
1773 2328
3296 1388
6431 9133
1855 9821
2487 7014
4621 2680
2099 6284
8309 1658
8500 7326
1130 1913
9179 6878
2666 4523
1985 406
421 8860
9781 6365
8247 3690
4184 8565
7709 7717
9948 334
3588 4567
9237 6090
4799 7259
9405 6633
27 4398
76 7665
7387 1551
8048 7925
383 6067
8642 5161
6624 6639
6576 1442
5639 1617
3019 4416
5477 2094
6774 1484
6615 8239
8955 8541
7786 2144
8683 3854
6640 4732
6800 8487
2676 5185
8618 5454
2245 378
9827 9151
1989 3960
7668 5688
8605 8503
3156 5433
6314 9487
3721 3015
1723 136
9095 8777
993 8024
8600 9208
2463 2969
1711 3703
8172 2480
7384 9638
2294 1597
2144 6173
6047 1577
5150 1600
8680 4408
787 103
4568 1477
284 2528
930 8295
6770 1163
5025 2875
7826 8694
1137 3293
1688 132
7415 9320
6474 977
6241 4989
6585 2230
5683 1882
8543 8720
8281 5148
8025 7853
8974 9954
257 1349
8707 5257
6051 8906
62 376
5277 5341
7340 5553
892 5311
9559 4596
9021 5340
516 1835
9333 5629
6216 9799
789 5944
5278 5967
325 2096
5140 9963
6804 5692
4800 8417
8671 5684
3667 9490
6040 453
8706 1042
2410 5338
3816 8139
6497 719
1915 2080
5426 1350
7319 1616
193 5200
1120 5065
2325 1675
5023 8801
3849 6315
7801 1688
2343 1080
725 3843
8349 1732
3420 2067
7819 9182
3234 4602
7689 8918
5115 8360
5881 4450
5264 7284
9608 4010
1974 4145
9308 1367
2414 632
4483 7801
3489 6358
6863 7674
1868 8446
1575 8766
8302 188
4632 3799
4645 1714
1880 7207
390 3941
9468 9609
6653 2335
8572 5158
7252 3760
9690 9132
1489 1979
5337 4710
1970 9790
9236 1809
2643 1883
9354 8101
2091 4696
3126 6098
8549 1666
38 7401
8746 7707
2250 10
1584 4984
908 3072
9227 7986
3929 7626
8948 7383
1473 3062
4719 8515
2000 5383
1969 1041
4818 4555
8123 4466
9318 4339
5686 6785
2597 7495
9495 750
689 7479
3039 1204
7552 2172
979 5054
2223 3437
4566 2332
1460 9227
4861 8249
4840 2435
2631 294
1165 4967
659 7006
3649 3269
7037 3037
7521 3274
1365 7420
8544 2578
8348 598
9901 5733
3657 7593
1358 8594
114 3112
4021 7118
3469 88
542 4924
7601 5385
6547 3050
90 7454
3512 9953
8744 9999
5934 5986
4750 8791
8201 8974
4815 1026
319 5747
8417 5298
7146 9763
2470 2587
7829 7977
7567 3591
9047 7728
182 8586
3375 6564
3944 8695
2757 9679
5868 458
7025 3069
1878 4383
5781 2790
8426 471
1729 8584
3251 3752
7295 580
2785 7101
7536 6835
556 1012
9317 3767
6031 1119
9787 7069
3016 5828
2829 5391
966 967
6085 3527
937 5049
1326 6427
4363 486
5754 9850
6340 3331
8651 7800
8015 5966
1412 2886
5917 4980
5141 298
9683 3483
1803 9774
8626 4500
8845 1689
921 7930
6235 2505
1892 4297
1144 2277
2254 5714
1638 6373
1979 6041
3301 6144
3908 5461
3770 3674
7939 8411
24 734
6645 8386
7622 909
4647 9544
4422 576
7425 4487
969 6826
4286 5843
9348 2752
8174 2973
63 5716
4497 3978
9412 1325
9809 9566
7085 2510
5401 6437
2122 3571
2298 8834
5058 1212
1726 2162
9489 6803
8021 8684
1754 2289
8253 1637
1850 157
1209 6237
9825 2769
2230 7577
5840 5728
4315 2453
4699 5797
1863 1832
9922 6158
4215 245
4024 794
9131 2154
9327 8847
1924 263
6658 2554
3322 6745
4755 7545
3382 1864
2922 8532
5734 9427
3422 6465
4506 1607
4715 6535
2065 5273
2810 5646
972 8882
2955 7122
7897 2719
4516 9606
8449 2504
4488 6344
1565 252
4439 369
1168 639
8533 2029
7556 1397
3796 1890
2028 4045
4667 1759
22 793
4812 4239
7978 9734
6511 5782
3567 4021
9323 7028
6257 9225
5667 9589
9444 5484
265 9479
4418 7281
5116 6861
5721 9991
2047 1330
546 2890
5611 6789
7223 7887
9869 3249
7058 2615
4407 277
42 1644
4134 3010
2655 5683
7042 4650
8820 3850
2735 1929
6350 9179
1672 3901
2380 3577
5964 863
8375 9068
8207 9989
2898 8856
1669 4434
7406 9166
5841 7417
9223 9106
6741 5624
8315 8246
2328 2590
9208 9580
6099 7722
4 5631
6050 4287
6982 5642
8090 8447
5648 6651
2765 7834
9103 3861
4257 4826
9150 6641
4415 6412
8114 5482
5899 1777
5531 7541
7785 271
2806 9522
9 9591
803 2859
1182 836
4553 556
9411 4242
6075 557
2856 2847
7115 5682
7084 2938
3729 5088
1228 7567
592 5293
7815 7303
6271 5184
4121 9476
9296 7131
5742 3525
7707 2267
6582 6032
3966 5381
158 9315
7821 9615
4591 2696
7694 9244
7639 7213
9497 1700
8111 2408
6752 8251
577 4757
8906 3264
2649 6619
3256 183
6086 8096
3471 565
9305 778
2171 7450
8619 1197
6327 1598
8851 3632
138 7555
1805 7469
6077 5074
4889 7371
2721 5497
9058 7152
978 8919
8212 5394
9652 9190
4907 8248
6364 8006
2264 3115
2579 8228
2466 8003
2070 4605
8866 3530
8881 2057
353 6350
6581 5736
6386 2059
7499 7595
3482 8198
4069 4853
4532 5649
122 6157
5215 4950
9073 9881
8501 7576
6731 5617
3685 388
8622 5410
7893 1794
8047 1
6523 6048
4709 8800
6160 5918
212 1005
1238 995
8432 6927
1000 42
4220 6308
2490 3939
3505 1422
8777 9168
8217 6231
7173 760
6384 5414
8435 9501
5129 7604
5601 4066
4602 9016
1435 630
5478 8199
2142 1021
405 9152
1859 1392
4631 1793
8411 8351
7498 7607
7581 2257
9292 9051
1736 3135
983 1810
4007 858
1288 1265
1008 7760
1690 9910
628 2269
3122 2060
3893 4559
7120 2166
467 3192
619 7550
4446 7397
268 6501
5081 627
7894 2156
3995 4088
9912 5541
7903 5358
5303 5820
8460 4956
9188 1164
9832 3344
6175 1995
1842 5928
3725 6746
3460 530
5590 2249
5921 6723
6691 7187
7954 8833
7354 8520
5709 7377
654 3309
4999 6799
5157 1721
7222 1662
2060 2994
7321 2711
6875 3113
2256 4231
570 5718
230 3758
7292 9862
5144 2404
7926 8601
1380 1944
5134 9995
2602 6536
9530 4460
2672 4651
7655 4431
7448 1195
8330 2933
3836 7157
653 5927
6690 6421
9265 2999
8066 5564
6754 7233
9974 8832
5119 3158
5658 6479
8913 1202
7315 8546
3760 7457
5990 6063
9590 6781
9675 8527
1082 5465
6650 5930
5095 9135
7159 9685
4458 1128
224 906
5804 6293
3020 878
6671 4971
6806 7892
367 7599
6337 6986
6151 966
7301 7911
6793 2474
9092 1003
8305 2012
3319 5978
2262 4117
2468 8020
289 7008
5452 8665
5176 7562
3635 4140
2901 3025
7539 5288
8519 7167
4594 6359
4267 8102
7474 3533
8469 1646
6215 6101
3313 9927
2560 4607
4688 4280
1374 5152
126 1374
5854 4591
2375 888
3932 7634
7279 4884
8830 3563
9115 9075
1350 1257
5198 5925
2338 9594
9564 8580
7103 7655
5883 1022
2852 2491
9032 6839
844 3170
782 6867
2879 4482
7798 1939
9431 948
8891 3605
9170 9484
2372 201
1425 9408
4039 8904
3612 626
1866 393
1081 7239
7408 8504
7160 8075
6122 3833
9002 2346
2248 3260
7112 7698
4385 2923
963 3106
7219 4568
2774 1686
8523 5483
4886 988
3331 34
2129 8669
1346 435
6033 9920
967 4724
4919 4707
8812 6042
9199 9281
180 9621
8800 1736
7016 3070
2574 6300
3687 1522
1502 5574
9376 6762
1364 2638
4589 3586
8939 9561
2764 8297
4512 9516
2240 8645
527 8721
172 6342
455 9842
8300 8147
2604 7191
609 6983
1203 6028
3957 4496
5154 2347
7640 8167
4303 4774
620 5756
6529 2893
3204 8472
1285 5865
7035 7206
9743 1918
6882 5524
2825 3639
532 5067
1029 2892
5728 6424
208 251
8190 8340
1593 9030
8991 9538
2752 1798
7248 2103
8588 7629
6458 9858
6501 5488
1748 6417
1595 3501
8014 5346
4061 8379
7535 3434
7136 2891
1189 9929
6000 1915
8702 7088
187 3998
1385 4405
7261 6687
4689 7858
8637 7774
6351 2568
5438 3693
4606 9404
485 479
6700 6270
832 7781
9802 4048
2792 3453
500 5005
558 7788
1557 1115
8011 8050
1827 0
5666 4617
7817 5408
8440 1089
9298 6202
5860 2499
7050 7602
2034 3625
9319 9748
3207 3361
3551 4776
1422 5670
7780 643
7529 4318
5923 3514
2935 9230
4138 3068
3271 4267
4910 1844
254 318
1366 7601
5254 3776
1324 5713
631 2538
1640 3253
2659 9887
1026 739
9258 5014
8516 8556
1673 9234
7994 7976
4335 6918
5102 6072
2722 2382
7859 8364
4976 8557
4849 4748
3826 9275
8009 6852
6496 6245
8944 510
3697 9023
7867 1244
1311 7107
5851 6562
8470 5175
3476 6119
6504 839
2269 811
5002 9969
6616 6230
5006 7967
2713 8994
307 9163
1596 4787
6737 2630
2552 7128
4592 9978
9209 4181
7068 2261
2911 1983
6677 6628
4780 2503
523 4779
6920 5276
5159 3133
2728 1478
7470 751
7603 1373
9756 3166
9072 7777
4646 5249
9011 9575
1620 5668
8089 6615
6391 2494
8038 5193
1743 5763
931 1040
6512 7099
6356 2384
9128 4069
3632 5412
9833 6972
866 958
9881 7903
5209 1639
7201 9103
9287 3900
3223 2832
9425 2184
8401 8300
4728 9759
6428 664
5724 8238
3557 175
8836 449
6555 4695
1549 3891
2557 4391
5230 4348
3653 8473
8534 476
7667 7525
5357 4784
7234 424
5546 7464
985 7816
8809 3100
7268 8282
6357 8558
3951 9931
826 4506
3859 6947
734 1510
5675 7975
3128 1845
3813 9986
6654 5154
5468 2802
2341 2196
9888 3064
6126 9958
2578 5946
9320 3984
9958 7290
8192 170
611 282
4560 7703
1441 4124
8917 6530
6728 328
2746 3596
8150 6928
862 6250
2109 3339
5544 7218
9251 9519
4543 6559
975 2826
3783 2112
2650 5759
5402 6957
7571 9038
3771 4709
553 3425
9973 2939
6273 2273
3082 5623
5379 822
2178 5444
8829 4622
8545 4255
1340 2818
9196 4896
6377 9605
7282 2899
5982 8398
7582 6534
1689 1443
1068 3443
6102 7406
1354 1591
2912 6507
7902 933
8931 2025
1530 4525
1078 9642
2011 8951
5835 2042
9649 4900
8988 7807
134 784
7407 9264
5063 9849
2895 3383
4994 5302
9422 6862
1066 7165
6107 281
7778 8336
7299 7144
3197 2575
2076 178
3529 3738
6820 6205
7528 2055
6414 8012
9085 9389
4111 5575
4305 6055
3991 475
2831 3045
1208 8406
2798 690
6610 1875
3498 108
4961 3992
8769 194
4834 4999
8808 171
8351 8898
8657 9018
2074 3076
362 173
4798 3542
9852 8203
5529 1589
3194 9517
2783 9463
428 3582
5018 4125
6063 8829
1537 1751
7988 5372
1281 3988
9624 8197
7855 5455
3243 5099
2658 6129
6296 9682
7490 6304
6744 56
4829 8639
5253 8933
9794 3831
7648 6239
7884 535
7061 7484
7143 348
6062 3476
3400 1914
9953 634
8924 9933
9166 8743
4491 8668
8284 681
3679 4671
2701 3598
5182 8760
7824 3119
4233 8135
4482 4879
1119 8708
1139 8254
7692 3886
3802 1884
3716 6620
2814 3273
1204 7704
6161 1823
8788 611
4108 3567
6389 5526
9643 2216
6587 4728
4180 6110
2210 2260
9702 308
7008 8725
6685 7103
2266 4471
6524 8991
964 8339
9424 1766
5279 711
4932 9740
7238 2140
7674 9951
8285 4015
8322 2070
8729 2738
400 8598
7869 8208
3408 3197
7522 3870
9156 6678
8337 2186
691 3259
853 1315
4202 4508
3164 1489
4662 8141
7179 6004
1445 7818
4263 3043
8153 973
3205 4662
3381 6069
4789 7210
6751 601
6302 2179
430 7528
448 7614
5241 9527
512 6500
4639 5539
5539 4558
9315 4127
4246 4893
81 8358
8452 8768
3464 7696
5762 54
3193 489
7624 5808
5127 5958
7065 4615
3374 3028
4037 2853
859 604
9871 1834
4345 9127
256 9141
2081 8530
2611 2910
5681 7701
1955 9039
3241 5501
4600 1807
1666 998
5287 2919
8251 4465
7958 866
9916 6364
7045 5280
7204 4201
5334 1493
8046 2372
9190 7949
8850 1107
3107 9564
5049 996
8954 1376
9453 9650
2092 1460
4319 3280
7286 5862
6489 8680
846 9601
1756 8877
7565 7314
9175 4729
6522 8291
7306 6010
5405 6601
9989 8001
8566 3296
9151 7059
9134 2532
297 6711
9931 2006
6760 7057
4443 5357
9396 3275
595 582
2621 7991
1480 9337
2586 8055
144 710
7614 2109
581 7195
1846 9768
3848 5739
1767 5895
2896 9746
7359 5776
9822 2304
5064 7615
5007 8365
797 4485
7090 3354
7413 6435
8844 782
7175 3954
2687 5874
3544 5570
9753 3169
5616 4575
357 3420
9329 7690
6988 9254
4104 3724
6996 7282
3574 9100
1907 2846
4792 1937
4001 1932
2513 8422
8552 8729
6597 9533
5398 2901
3247 7671
8968 4850
780 3173
6404 803
8568 4433
5751 9555
943 7829
8218 1475
2292 8945
8668 1949
6607 6259
5871 9361
5739 1758
9090 7116
8490 3818
3940 9578
4810 4064
5001 3657
6312 7512
2379 404
4067 4425
4651 4674
3573 3215
7466 8491
9837 849
4135 5616
8413 6367
4211 8802
7001 6416
7537 8488
6946 3611
388 4039
4641 8420
6857 60
5889 7049
1715 8483
3297 715
3987 139
8708 7955
5156 5434
2719 5596
6717 8143
6335 5086
4377 451
8392 3779
9684 2579
791 6766
3235 2922
2059 4898
1602 7357
3086 9894
6847 8911
4622 5826
7940 1077
5331 1482
1631 8298
449 1104
9447 4057
7393 1804
9717 1173
8270 3519
403 1294
4339 717
7688 6120
2309 3388
6718 276
727 8371
4203 4658
8316 9602
5653 9976
3731 2828
4680 1417
5578 5976
9646 497
9552 1088
5717 9765
9968 3786
7633 1665
8636 3340
1641 2596
5341 588
955 4839
4258 1683
5703 4808
6134 5788
145 7182
1553 6767
7196 624
5251 4849
2588 6558
2075 5440
216 4619
6142 5279
4935 8077
8206 8699
1654 9646
6729 8022
5580 1394
1237 9529
928 9071
2875 5000
4885 3485
3642 2202
3265 4154
8645 5325
4661 63
9125 7985
5072 9632
6450 9684
8755 3229
989 7133
132 4963
4694 742
2973 8428
2999 412
7492 2306
6766 8341
2313 6934
2753 8679
7031 8705
4578 7424
6870 3610
5983 1857
2848 1509
8496 6684
3137 5220
6927 2912
4085 1560
82 6743
4304 8988
3053 59
9091 8036
318 2424
6683 4090
1833 5866
4836 8062
1685 3830
1622 5090
6834 8455
4025 500
5132 7662
3214 2936
1498 9813
2485 3578
703 7592
458 6993
7186 6160
2725 1444
9818 801
5499 105
8678 9523
8170 8093
1292 3155
9059 6829
9159 6910
8966 1956
520 1403
3333 7929
3451 546
9686 6973
7672 4665
4924 2290
4398 2386
7596 5361
204 3304
4605 3102
368 669
7323 9178
2984 7033
37 3011
2329 6939
3619 3541
2040 9534
8200 2356
313 8551
6852 9937
3001 2678
7401 8689
551 4310
6619 4958
1732 9364
8018 7552
3417 1786
2677 1541
952 9670
719 2064
3267 7773
9051 6630
9024 4363
8772 621
3287 2482
4554 53
6231 9783
869 8993
9830 4139
2082 945
6267 4904
6237 3915
2398 3000
7174 2308
3704 9607
6394 8909
378 5290
7714 1947
32 2197
9109 4153
7076 6216
8879 8873
642 4993
3746 3528
398 9055
3889 197
8936 3227
4869 5021
8487 3397
6299 6693
4813 9726
6058 8053
13 4143
1966 1086
1778 6222
5034 4990
5914 6391
2165 4504
2100 5768
4436 6584
2501 2871
281 9453
2462 7229
6808 3161
8864 8125
9389 965
1761 2837
5204 2327
7127 4118
8652 4227
6816 8060
6904 9285
1328 9204
2794 1155
7514 1671
5508 9074
320 4503
9835 1762
2374 402
995 368
3905 6545
6897 2275
8793 4685
7150 6855
2258 2180
347 1566
874 6114
9550 950
9064 7827
3423 293
9442 7327
7942 7372
7421 3
3366 9822
4683 9744
4514 1945
3 9011
7361 2121
4318 5663
2979 3203
4913 6833
8447 7356
5384 6520
1990 7453
7519 3095
7486 3855
1745 9528
5622 8162
4796 3193
8720 2655
3799 6061
6646 4457
5786 4261
3922 5689
6243 5132
8662 6872
8960 1615
9651 6100
1826 2422
2949 9994
5073 4533
4897 6725
5430 9284
2534 6012
6408 238
2535 5618
397 641
8834 8633
5442 8410
4216 1190
7650 2442
9873 5755
9929 1459
1372 1678
3185 7982
4894 2234
4590 5374
544 6193
8715 531
3270 5660
747 2950
314 2150
5366 519
6769 5314
4153 671
5178 7046
31 1673
880 3546
6951 345
1797 3440
3497 1091
948 4861
4808 5672
3706 5913
5879 8090
669 491
6949 6104
1089 1891
2776 7590
5221 2364
5314 508
8028 3343
9997 8845
9650 8924
3448 9882
5768 2851
8994 8814
841 2013
4057 2944
7231 8018
5231 1942
4758 9846
9337 6150
2160 8329
5537 8563
5496 4652
9096 1985
8810 8967
4193 2852
252 7523
4481 8146
4917 6567
2357 5829
1614 5274
10 4608
8841 4824
540 7170
4883 101
3242 9689
5922 9898
2575 835
9638 1917
7121 3451
5834 3345
312 8616
2700 9660
8524 7162
8074 4547
5803 7533
8509 3075
9792 8273
9309 9645
1570 311
8125 8368
444 8150
6861 499
1378 5507
2244 469
5886 8514
8828 6346
9614 1447
4420 9401
3169 7294
8597 5766
7383 1312
1186 2431
521 2808
2523 4916
3043 4068
2615 156
738 9839
641 8781
9558 8425
8816 4712
450 859
8256 1971
9637 848
6779 6675
4245 5730
4459 4230
6687 9318
9036 1670
1634 4642
1613 7969
9606 2122
3199 346
5322 7786
9887 4321
7363 4099
1442 9648
9502 1812
4891 3258
1944 9837
70 1710
7665 9014
7164 2498
5605 2805
4635 3129
3010 7301
3387 7276
3532 5883
3741 3089
9291 1476
8163 1587
4200 7910
4269 1117
697 4721
5205 3042
5466 6005
420 8713
8620 4004
8254 403
2115 6319
8371 7681
6292 4810
4365 9530
7619 6731
4394 1401
4310 9008
2053 6131
9851 9146
5793 5540
1016 5775
9745 7573
688 2611
1176 7260
9022 2985
4313 2271
5268 2349
8361 7917
8670 9756
483 8794
6476 64
5641 8599
8947 2168
5411 3895
8818 3561
339 4353
6046 7146
533 8876
3564 840
2071 6604
7167 1806
8686 837
4264 8315
7929 1986
8456 3977
9244 6426
6618 5994
9013 1059
3465 6197
2467 2976
6845 1982
1109 3157
5991 4373
7888 8521
8421 623
6736 4783
8942 4633
7726 1593
7680 5328
2608 6462
7131 4000
8835 3294
2605 443
9203 6132
6007 4697
6485 8697
8537 6022
3909 2365
4556 5745
9413 2809
5705 1707
9373 8901
1911 1135
7962 6487
8792 2465
5012 8507
5615 5597
2854 4146
3675 931
9741 6023
6315 3422
8211 9344
7542 1654
175 6036
8890 8332
4169 6314
7187 2670
1492 5183
2910 602
9200 9119
3363 2693
1738 740
8267 4083
6498 462
7600 7876
4824 380
9191 9086
328 9024
1571 3506
997 8452
3872 6003
6447 7735
8849 8631
3768 1002
4552 9683
40 4572
9710 3691
6025 5993
6620 8357
6290 3333
8073 9000
4338 5278
4324 5609
3003 4377
2494 2748
1195 1277
7880 9749
4620 1393
6320 4477
7344 4483
8764 5715
9098 3466
8854 4656
2061 1385
3920 8281
7270 8120
3283 6473
2877 8843
7654 1262
1351 7016
5347 4316
7666 2279
4875 7318
1713 9627
4973 569
8738 6613
2442 240
4170 289
4627 5283
1072 5095
9158 6889
3610 8852
2042 9138
6600 357
5606 516
8676 3848
3941 9095
8514 8100
8761 3613
1484 2021
1334 9967
2284 1434
2968 6546
7697 9825
2391 7769
5978 9243
8350 8968
5016 1229
3555 5920
6250 1359
5853 1498
5269 2298
3340 4488
7368 7889
4644 6246
8634 8419
2162 9520
8935 9434
903 9012
6008 4694
1487 3256
9724 5850
6885 2018
6413 3126
2564 7477
2041 9506
4034 2565
4637 6320
1819 4886
6532 6598
9053 592
8467 5352
4059 7241
7749 6960
6814 6326
422 3568
5776 5149
6093 6043
5741 3905
9301 7256
4955 8995
6599 1923
7935 1078
270 2673
8617 8687
6503 5590
6430 6713
5777 1168
1023 9493
667 819
6393 5420
6659 7537
2049 1567
2888 9365
3404 5462
9515 86
9277 4638
5954 5686
4609 6420
9110 6457
5533 9793
5697 9176
6240 4390
4408 3136
3727 3616
9656 5816
3595 6722
8732 3295
5514 6327
3673 647
662 2014
1080 70
3273 5942
6072 6116
1464 8712
4502 2078
6272 9472
2441 8115
900 3267
7128 7024
3596 231
8403 861
249 3324
3022 4534
9566 8774
1568 5284
2098 2391
5517 7447
3980 2428
9662 3573
8920 4293
8550 9022
3305 2492
3669 5353
3012 405
2111 9935
6004 3574
4105 6902
5963 6818
3227 7192
2263 8178
286 457
6274 8014
8240 3147
7823 3714
6053 3627
3173 3651
9325 3160
2661 6153
2673 6985
2177 3491
5302 1423
1478 5485
6634 594
7450 8701
2629 2081
6154 6011
1309 2829
1883 4516
9673 410
5563 8511
4371 3904
9212 7005
720 6431
1661 6290
1841 1161
3203 3172
9769 9869
2738 537
9221 6068
5961 581
4359 6978
2986 5769
8265 8727
9655 6857
5993 2959
5222 2240
4042 4817
2576 1253
3515 2894
737 6394
8353 2402
7007 4539
5407 7710
9414 8210
6370 2020
3407 6127
945 8931
1927 6834
4016 8552
4708 891
3866 7616
2093 5028
1550 8444
9455 4386
6505 2710
3492 1892
9750 2627
6313 7611
7325 5963
3397 1955
7868 1769
7123 6057
4406 2124
9056 6336
2238 2129
1864 7509
3355 1503
1818 1506
3187 159
5617 5228
3358 6859
6917 8758
6539 7927
5809 1180
6528 1582
504 6322
7059 6568
7426 3086
6073 8280
3292 6847
5028 1750
2322 2286
5110 9698
7736 7633
6068 2083
3517 768
2702 1457
3447 2553
3501 6752
1094 865
890 6298
8283 757
9069 8010
8904 5834
6541 3606
8858 278
9220 4095
9648 876
6911 830
3646 7790
2696 1943
5500 4074
2457 8702
8037 7193
4604 9252
8219 8770
160 7588
1402 4445
4579 3801
7258 7219
9621 9447
49 3996
8407 6410
1916 9879
5447 9390
9906 1454
5732 2293
7746 936
6895 5634
773 4320
6345 8966
105 4284
671 3057
4993 7934
827 4911
4142 50
8847 738
4395 1708
5915 2412
3495 5136
6636 2887
4561 6940
7638 813
5613 9203
6429 113
7023 4085
3130 1970
7411 4133
7933 4979
8581 7188
8574 8509
4118 5181
2913 384
6 1240
7904 2214
4498 8168
2510 6814
9803 481
199 465
4960 3558
6316 6537
597 4761
8648 1321
2073 4768
3218 2535
4618 8230
3934 4649
1443 6776
8329 9214
4674 9412
2045 5760
6465 4614
7011 8158
1056 7742
8444 3347
1770 1511
3165 7723
1574 7380
5479 8849
7144 4818
8752 8740
8289 9137
4129 7283
7719 8303
6649 302
176 8595
8511 4626
6288 5572
8287 3865
8158 4067
4077 8188
9247 2183
181 299
2031 1826
9732 3851
3217 2908
2858 1743
7269 5503
7453 1785
5869 4104
4031 8009
8579 731
1307 1583
4214 6765
2241 3195
5621 6388
6842 4571
1887 4002
6088 4116
9423 2907
1976 3716
7304 4501
5564 2740
361 6087
9222 3232
8874 5387
7317 6897
6415 2523
5164 8976
925 5477
3386 3179
5842 3658
4127 5977
6011 1545
8462 5767
7932 3589
6740 1846
2166 6565
3339 2047
2393 3058
4791 978
5837 9922
4402 2341
6172 4935
1601 2222
4841 7285
7017 7863
629 283
3925 3432
9831 9235
5880 9198
1103 9633
771 9585
2944 4217
8928 2458
9824 5382
1097 6981
4035 1337
5475 2031
8312 2733
6878 8660
1814 4648
9339 7311
5702 5794
1918 3893
7626 5124
6043 3600
1287 4328
907 5044
9406 1878
6775 4135
7595 8533
1236 6219
2439 8194
4943 7938
4816 5060
6420 3084
2459 2873
6284 7945
9629 9215
3513 3849
3174 9960
7660 6224
2543 2476
3728 912
9670 5207
1941 6324
5104 9573
6821 4609
1758 274
1032 9065
1455 8958
2219 2330
4811 8067
2816 7215
3402 1231
3399 269
3582 6682
3713 9358
9263 1854
317 128
1901 1745
5891 6353
646 1070
3261 1818
5024 4490
8171 8985
4867 6636
3115 9649
1587 9367
8180 5438
4685 3682
5092 411
4150 1706
2762 1911
2029 2902
5629 8657
3607 7419
4630 515
3919 6509
222 228
8354 2225
6401 3502
2172 258
5548 9728
7432 4722
17 8214
3198 1185
3584 5208
332 3464
7097 8049
1982 390
2089 2131
5261 6169
861 8798
6701 3235
2107 4505
8699 860
5239 9477
9632 3638
7396 2227
3405 427
2018 8440
6263 7517
1780 5192
9914 9543
9510 6581
1936 4052
2021 6382
1449 1065
5195 7223
1612 5831
9828 4515
2236 6673
7475 4961
1226 2262
2993 732
1768 9059
555 9109
1025 3187
2196 5849
7420 9855
4837 677
4454 9177
4586 8426
192 674
2558 8266
2851 5062
1299 5697
6361 2008
1501 6275
9554 9812
2452 1935
784 5603
7554 6621
9812 1308
9334 4111
4198 7456
402 1267
5525 6398
9770 3968
3861 1828
1172 8576
7580 8692
9275 2490
8164 4529
2743 3789
5460 4414
7265 2582
3639 1488
308 9977
974 9359
4717 9466
6252 561
7098 3370
4424 8709
3570 2541
8056 3386
7909 1827
9861 9430
6795 312
940 3706
3189 2241
5735 3038
3650 8844
4803 5644
4158 3174
5599 4675
6200 9437
4858 4270
5273 226
9709 5598
6194 5602
7662 5089
6128 9321
7842 2161
246 5817
484 9826
4388 3940
2123 1843
9133 2426
1099 2635
8601 4241
9242 4908
8053 9735
6214 7476
6452 4829
6162 2888
8633 7667
9791 590
7930 7838
3403 3803
2904 5748
9967 7978
2009 603
6564 1347
802 8405
651 1044
3535 8268
7326 607
223 5146
1283 5423
8279 4294
1178 2005
2482 5355
1737 7043
7370 6217
3540 1019
6234 126
6586 1395
7155 4634
5370 3649
3321 1938
334 3669
9774 4296
4859 3096
3396 5530
9618 7121
1201 2400
8064 8977
8126 8311
8303 2321
300 6329
6199 8264
3589 9819
4444 4394
3337 7271
8911 9536
5571 1746
4526 6909
7625 7641
6168 653
8384 8
6115 9818
2618 30
3597 5514
9575 97
5232 1036
4236 2220
55 9577
1207 6037
5011 9084
7377 923
2693 8654
2141 4947
7030 1310
6406 1302
7646 3522
6228 2677
8941 3555
401 6624
9703 3212
4306 3808
5695 6295
5663 8160
8976 27
680 2767
4970 6726
7089 5549
5552 3162
469 2502
8667 1011
6159 2945
4684 939
6922 9017
8664 244
5020 1283
6372 6203
2220 4866
1347 3319
155 9173
488 8325
8921 372
142 2010
5143 9788
4028 3670
5275 7553
6491 5710
6867 6330
3622 2050
6028 8872
2547 8823
1849 2086
4939 3518
4431 33
1302 6652
5878 396
386 8989
4465 6292
3119 4468
1794 1247
7274 6494
419 3704
7858 5968
5270 5234
6348 1062
9879 4171
4112 1801
5744 6155
5770 4511
9006 352
2066 6321
1569 6403
9543 5857
8477 3725
4079 5339
3935 4172
7189 709
6745 5285
7078 7724
159 3943
6294 7692
9609 9090
5969 8618
8263 1018
8093 9219
1087 6771
2161 7663
513 8175
1961 3286
414 8088
5310 1068
2914 584
3689 6845
9148 5368
3236 17
4548 5114
6118 2628
4520 675
9534 2911
1015 1576
2795 2637
4852 5078
4607 3222
1058 8438
4110 7965
6334 503
2400 4303
3158 7812
2307 7471
379 9766
111 5519
3353 4018
3324 9741
7506 2822
3343 3228
7334 3821
8575 1893
8480 8362
3506 9848
9549 3424
6517 3771
4628 9245
3380 5625
3238 1023
2715 4738
906 8940
1251 1288
6145 9909
705 5182
3946 2258
7199 248
4902 3081
6066 112
5638 6214
9994 7322
6270 3462
9547 9015
5872 5001
793 227
2252 6841
9610 7151
7218 9833
6696 4301
1481 2447
9289 4357
2351 9745
7294 5991
1717 3504
394 4168
3219 6276
393 365
382 951
503 1490
2008 2134
1789 4309
5497 2117
1342 3873
2296 2577
2303 7959
5462 2318
3105 1873
1407 2963
8382 6900
7773 210
6226 6282
2723 1620
8690 7874
4753 9524
6318 7950
8817 9907
7066 5868
2330 9387
4017 5781
4629 6662
9927 2556
4084 2106
4775 9868
2862 7044
7473 8922
3477 494
1828 4188
1972 3976
6742 6990
4259 4877
2811 8244
5425 2625
5417 718
9419 5248
5029 5043
5090 4630
7628 234
6055 5069
6590 9725
7789 5785
8197 8320
9998 8681
883 6953
4772 8953
1727 7649
1013 6186
6947 8211
4892 4872
9390 7757
5377 7277
8759 2607
4316 5793
9667 2133
1076 4288
1650 8506
4929 9510
7936 7003
5152 4746
1902 2464
6070 9760
4496 7878
5165 9785
5420 6310
9054 6052
4350 3145
2540 7913
7162 8383
1077 7289
6092 2444
2305 2703
6865 9629
1153 3375
1325 3098
8052 5405
7094 7245
2201 3315
1200 1528
585 307
9681 2132
9451 4536
7980 3663
4925 9010
8869 7335
7613 8387
617 521
5242 9697
616 574
8471 3474
1272 959
704 5474
2607 7473
5306 3814
1829 4598
3121 7659
3903 8817
7864 8675
1668 1054
2353 3051
8145 8467
3055 3149
4052 9973
4038 1430
1315 1926
6494 1656
4023 8726
4212 8159
623 7169
7355 2589
5419 1206
4476 6784
2985 9669
4956 5681
4068 2343
6006 980
1021 1066
7861 3027
9153 9324
4843 49
6400 5811
1994 4770
901 6175
197 7329
2662 9032
7429 4062
7245 4802
8776 892
473 7789
5845 1456
6980 2344
4898 68
9796 6054
4911 77
2582 7487
4071 2918
2963 7645
7244 6115
8613 3733
5403 9893
639 1380
5561 1505
3159 3336
167 4880
5321 1821
8712 4751
8700 2026
1731 846
8778 1738
6641 9500
6259 2905
4529 8635
8042 9587
543 4773
6432 7672
4954 4878
7318 5580
3937 4305
5818 3429
6317 2600
7188 3124
947 9043
9353 8622
3488 680
8528 4856
3699 1634
6080 7196
273 8536
810 5876
9486 8998
6983 2511
2064 8828
2363 7933
9331 5261
9114 5529
110 4951
732 6850
587 7183
2593 3400
1232 9597
9146 1301
5389 3665
6678 9340
1742 864
5901 6938
4874 2174
5984 5396
9844 2307
5997 4579
4133 9485
3708 4070
1306 4202
5600 2148
3295 362
6987 8081
6935 7387
2449 6445
8888 962
7214 3033
1242 9720
5888 1486
9189 151
3289 95
8485 4204
3621 2488
5998 2334
3437 2352
6446 6256
5338 6591
6644 8457
2113 3151
8331 4597
1352 6777
4615 5150
1509 7074
4376 1411
6898 9209
2923 5694
3605 6792
5259 3500
4547 8908
7966 6606
5495 2964
6435 9046
9123 2559
8521 6521
6734 8302
3100 7367
1234 7265
5404 2314
8895 1652
432 154
2255 2489
6702 8874
1576 2030
3592 6489
9636 7065
7742 4618
8593 767
2924 2756
613 6215
3246 6971
5692 114
136 1984
7899 3729
2407 5187
1222 2518
7792 2768
1710 142
1740 445
1160 8030
9154 2041
3259 2495
8378 4430
4087 6943
7607 9659
1580 5749
4912 7031
6635 6958
965 2072
8750 8430
9182 7090
8333 4897
6303 7410
6219 4919
7038 937
3568 7018
1199 4769
2422 2558
3718 6152
3628 9439
2550 8540
8526 1621
1298 2817
3099 9956
8323 5664
1318 870
4966 8104
4221 901
3233 928
3188 2017
3763 4412
1133 5305
8489 483
4805 2485
4083 3936
5243 7859
9773 9220
7976 2791
6325 8071
4914 5247
2782 2836
3734 755
4253 5647
9665 4210
8104 6944
4355 5427
9945 3930
2800 9798
3167 1880
9826 3244
5763 9625
2424 2046
1682 1868
9001 4491
2180 6332
4571 2119
3393 5973
3556 7779
4463 373
9806 4959
5121 9277
1928 4023
5896 7883
879 5910
7647 7646
5827 2650
7435 7062
3044 7995
9126 8182
2952 408
4171 7905
9779 2685
6017 8220
2699 5990
4099 4528
8486 6635
3146 6411
2897 4725
5642 5134
322 418
4284 2793
4546 1303
9920 8588
2147 429
9865 3932
7211 8510
6763 8683
3371 8647
3651 2387
6792 7931
2295 9634
4905 8516
1140 9932
1535 1366
2882 7097
1420 4449
2555 4576
4321 2657
4092 6813
9261 8157
3093 3489
9082 6400
1536 5180
6892 3144
6791 7544
1585 1358
7367 9915
9565 262
3887 4107
9435 4781
6002 3615
872 2074
1280 9395
5206 3004
6963 4545
5504 347
7015 1525
5711 7507
3693 9088
1860 4554
9762 729
4983 9653
7960 575
4770 6915
7444 401
8223 5904
9721 6432
4163 3127
4045 6980
5244 9562
2127 1631
3883 8271
5199 2616
4712 9665
7213 2459
7559 5349
6991 1451
6974 8826
7202 1572
8373 6495
1316 3689
6182 5802
3702 52
9883 2801
3751 9721
5416 4073
1286 8409
3890 585
6563 9794
7578 3337
149 3399
1108 7926
9461 6853
1951 9409
2563 843
8609 3031
4982 5779
2632 2062
7348 6466
3071 5421
5392 4726
8495 2537
6248 2205
5814 9579
825 2015
1383 8189
3575 9841
6652 7106
2958 4017
984 1275
9907 9102
5482 2195
9738 3708
8069 2766
1002 8385
5412 6996
2729 367
4249 779
5298 1322
6169 1001
4845 6791
1361 180
4146 2639
4210 7872
3083 8377
8646 4863
815 1747
5976 3276
5342 5047
3611 5795
8006 4226
4346 5104
495 5720
851 9420
2705 9752
3870 7618
6382 5528
7547 6885
3028 8476
7460 956
1417 1412
586 6807
7748 4586
7629 4290
118 2580
1220 9036
6084 5924
5483 325
7053 3329
5766 7687
7014 8706
1709 1381
8665 568
3101 115
8863 7278
2653 612
3974 1450
5065 511
7337 9462
3474 9174
9039 6464
294 7368
8598 9195
7366 8643
8084 7751
8134 2665
9449 6593
8985 3494
8950 1694
3959 5933
6324 6407
2402 3969
4168 6477
6833 1972
35 6974
9142 7405
7170 2841
6525 7414
6459 1677
4372 8813
499 8903
3831 9875
7101 4364
9322 2481
1626 3868
2033 9641
7298 5422
561 8722
695 2377
3878 1191
4419 8054
6803 2970
2891 9677
8393 9458
2712 364
2268 5147
1947 593
2961 4341
9401 3392
1062 6683
3682 1133
3688 1905
6823 5155
186 4862
3949 2448
9877 9136
9653 608
9129 9691
6923 1557
636 130
2716 6251
2872 1196
8129 9362
3029 9261
1216 4081
5826 1368
7088 1226
9556 5449
6999 8501
9104 7900
7523 9326
9585 383
6785 4851
5791 3188
5852 3123
833 7932
151 7117
1558 618
2426 824
4673 8356
3978 1724
5550 8883
4773 4825